1678710495099999905 1.000000 0.000000 -0.000000 -0.000000 0.000000 1.000000 0.000000 -0.000000 0.000000 -0.000000 1.000000 0.000000 0.000000 0.000000 0.000000 1.000000
1678710495200000048 0.999999 -0.001230 -0.000467 0.030255 0.001231 0.999998 0.001684 -0.010462 0.000465 -0.001685 0.999998 0.401300 0.000000 0.000000 0.000000 1.000000
1678710495299999952 1.000000 -0.000734 -0.000409 0.036877 0.000734 0.999999 0.001053 -0.011964 0.000408 -0.001054 0.999999 0.911089 0.000000 0.000000 0.000000 1.000000
1678710495400000095 1.000000 -0.000493 -0.000510 0.020904 0.000494 0.999999 0.001362 -0.022717 0.000510 -0.001362 0.999999 1.777265 0.000000 0.000000 0.000000 1.000000
1678710495599999905 0.999998 -0.001246 -0.001410 0.016610 0.001249 0.999997 0.002268 -0.043240 0.001407 -0.002269 0.999996 3.845984 0.000000 0.000000 0.000000 1.000000
1678710495799999952 0.999985 -0.003894 -0.003820 -0.004575 0.003903 0.999990 0.002139 -0.071362 0.003812 -0.002153 0.999990 6.792315 0.000000 0.000000 0.000000 1.000000
1678710496000000000 0.999982 -0.002965 -0.005245 -0.040896 0.002977 0.999993 0.002208 -0.101392 0.005238 -0.002224 0.999984 9.802669 0.000000 0.000000 0.000000 1.000000
1678710496099999905 0.999975 -0.001928 -0.006851 -0.060701 0.001948 0.999994 0.002981 -0.122131 0.006845 -0.002995 0.999972 11.317037 0.000000 0.000000 0.000000 1.000000
1678710496299999952 0.999973 0.000012 -0.007293 -0.101980 0.000022 0.999989 0.004643 -0.145417 0.007293 -0.004643 0.999963 14.272364 0.000000 0.000000 0.000000 1.000000
1678710496500000000 0.999968 0.001144 -0.007974 -0.146384 -0.001102 0.999986 0.005226 -0.168484 0.007980 -0.005217 0.999955 17.222620 0.000000 0.000000 0.000000 1.000000
1678710496700000048 0.999963 0.002547 -0.008203 -0.185632 -0.002489 0.999972 0.007083 -0.183243 0.008220 -0.007063 0.999941 20.133739 0.000000 0.000000 0.000000 1.000000
1678710496900000095 0.999965 0.003082 -0.007761 -0.230497 -0.003047 0.999985 0.004506 -0.202924 0.007775 -0.004482 0.999960 23.008335 0.000000 0.000000 0.000000 1.000000
1678710497099999905 0.999976 0.000409 -0.006985 -0.261501 -0.000361 0.999977 0.006812 -0.221917 0.006988 -0.006809 0.999952 25.855535 0.000000 0.000000 0.000000 1.000000
1678710497299999952 0.999978 -0.001845 -0.006293 -0.284699 0.001894 0.999967 0.007851 -0.243930 0.006278 -0.007863 0.999949 28.671786 0.000000 0.000000 0.000000 1.000000
1678710497500000000 0.999985 -0.001326 -0.005332 -0.332402 0.001356 0.999983 0.005631 -0.254931 0.005324 -0.005638 0.999970 31.426132 0.000000 0.000000 0.000000 1.000000
1678710497700000048 0.999995 0.000058 -0.003242 -0.369892 -0.000039 0.999982 0.005968 -0.284201 0.003242 -0.005968 0.999977 34.131609 0.000000 0.000000 0.000000 1.000000
1678710497900000095 1.000000 -0.000178 0.000195 -0.393459 0.000176 0.999957 0.009236 -0.310312 -0.000197 -0.009236 0.999957 36.767675 0.000000 0.000000 0.000000 1.000000
1678710498099999905 0.999985 -0.000248 0.005533 -0.407505 0.000195 0.999954 0.009620 -0.325253 -0.005535 -0.009618 0.999938 39.309367 0.000000 0.000000 0.000000 1.000000
1678710498400000095 0.999862 -0.000544 0.016622 -0.385926 0.000427 0.999975 0.007025 -0.350226 -0.016626 -0.007017 0.999837 43.036111 0.000000 0.000000 0.000000 1.000000
1678710498500000000 0.999751 -0.000135 0.022317 -0.374485 -0.000025 0.999975 0.007140 -0.364194 -0.022317 -0.007139 0.999725 44.251100 0.000000 0.000000 0.000000 1.000000
1678710498799999952 0.999002 0.003925 0.044486 -0.291612 -0.004275 0.999961 0.007769 -0.388974 -0.044454 -0.007952 0.998980 47.809197 0.000000 0.000000 0.000000 1.000000
1678710499000000000 0.997676 0.008270 0.067636 -0.180609 -0.008880 0.999923 0.008724 -0.403504 -0.067558 -0.009304 0.997672 50.123982 0.000000 0.000000 0.000000 1.000000
1678710499200000048 0.995033 0.012223 0.098792 -0.021466 -0.013343 0.999854 0.010690 -0.411290 -0.098647 -0.011955 0.995051 52.393057 0.000000 0.000000 0.000000 1.000000
1678710499400000095 0.990692 0.012289 0.135570 0.228745 -0.013991 0.999835 0.011613 -0.427378 -0.135405 -0.013401 0.990700 54.597214 0.000000 0.000000 0.000000 1.000000
1678710499599999905 0.984273 0.008435 0.176451 0.551844 -0.010500 0.999887 0.010773 -0.427609 -0.176340 -0.012456 0.984250 56.749653 0.000000 0.000000 0.000000 1.000000
1678710499900000095 0.969465 -0.006948 0.245132 1.232927 0.003573 0.999893 0.014210 -0.430207 -0.245204 -0.012900 0.969386 59.828666 0.000000 0.000000 0.000000 1.000000
1678710500099999905 0.954903 -0.016330 0.296469 1.803231 0.012698 0.999819 0.014175 -0.440671 -0.296647 -0.009771 0.954937 61.809852 0.000000 0.000000 0.000000 1.000000
1678710500299999952 0.936101 -0.023737 0.350929 2.477974 0.018147 0.999651 0.019212 -0.427272 -0.351263 -0.011617 0.936205 63.687220 0.000000 0.000000 0.000000 1.000000
1678710500500000000 0.912428 -0.026401 0.408386 3.244118 0.021942 0.999638 0.015601 -0.416069 -0.408650 -0.005274 0.912676 65.522108 0.000000 0.000000 0.000000 1.000000
1678710500700000048 0.884546 -0.029059 0.465547 4.084160 0.027892 0.999567 0.009397 -0.422256 -0.465619 0.004672 0.884973 67.231019 0.000000 0.000000 0.000000 1.000000
1678710500900000095 0.850437 -0.029305 0.525259 5.043706 0.023363 0.999566 0.017940 -0.416290 -0.525557 -0.002985 0.850753 68.909110 0.000000 0.000000 0.000000 1.000000
1678710501200000048 0.787056 -0.017351 0.616637 6.662952 0.013312 0.999849 0.011144 -0.402103 -0.616738 -0.000562 0.787168 71.222150 0.000000 0.000000 0.000000 1.000000
1678710501400000095 0.740325 -0.017501 0.672021 7.852992 0.012765 0.999847 0.011975 -0.397557 -0.672128 -0.000287 0.740435 72.623520 0.000000 0.000000 0.000000 1.000000
1678710501599999905 0.689712 -0.016830 0.723888 9.158625 0.013190 0.999856 0.010678 -0.402580 -0.723963 0.002184 0.689835 73.935001 0.000000 0.000000 0.000000 1.000000
1678710501900000095 0.607747 -0.011172 0.794052 11.216449 0.010486 0.999927 0.006043 -0.393618 -0.794061 0.004654 0.607820 75.668132 0.000000 0.000000 0.000000 1.000000
1678710502200000048 0.517587 0.011409 0.855554 13.460695 0.005285 0.999849 -0.016531 -0.420416 -0.855614 0.013078 0.517449 77.200806 0.000000 0.000000 0.000000 1.000000
1678710502400000095 0.452925 0.015809 0.891409 15.102928 -0.000059 0.999843 -0.017702 -0.453353 -0.891549 0.007965 0.452855 78.095792 0.000000 0.000000 0.000000 1.000000
1678710502599999905 0.385123 0.014800 0.922747 16.799982 -0.009262 0.999883 -0.012172 -0.498457 -0.922819 -0.003859 0.385215 78.876856 0.000000 0.000000 0.000000 1.000000
1678710502799999952 0.313621 0.019002 0.949358 18.535929 -0.022037 0.999676 -0.012729 -0.522292 -0.949292 -0.016929 0.313938 79.546849 0.000000 0.000000 0.000000 1.000000
1678710503000000000 0.240836 0.017227 0.970413 20.358725 -0.026224 0.999593 -0.011237 -0.558921 -0.970212 -0.022741 0.241190 80.078428 0.000000 0.000000 0.000000 1.000000
1678710503200000048 0.169025 0.015045 0.985497 22.259439 -0.023919 0.999652 -0.011159 -0.586973 -0.985321 -0.021686 0.169326 80.457411 0.000000 0.000000 0.000000 1.000000
1678710503400000095 0.100664 0.015855 0.994794 24.168327 -0.015129 0.999782 -0.014404 -0.646766 -0.994805 -0.013600 0.100882 80.699217 0.000000 0.000000 0.000000 1.000000
1678710503599999905 0.038585 0.023580 0.998977 26.088663 -0.009212 0.999687 -0.023241 -0.689038 -0.999213 -0.008305 0.038790 80.811839 0.000000 0.000000 0.000000 1.000000
1678710503799999952 -0.009350 0.019321 0.999770 28.056998 -0.005175 0.999799 -0.019370 -0.728954 -0.999943 -0.005355 -0.009248 80.830490 0.000000 0.000000 0.000000 1.000000
1678710504000000000 -0.045592 0.018972 0.998780 30.037293 -0.002770 0.999813 -0.019118 -0.783528 -0.998956 -0.003638 -0.045531 80.776890 0.000000 0.000000 0.000000 1.000000
1678710504200000048 -0.072339 0.028020 0.996986 32.012375 0.003500 0.999606 -0.027840 -0.835114 -0.997374 0.001475 -0.072409 80.651613 0.000000 0.000000 0.000000 1.000000
1678710504400000095 -0.087218 0.036724 0.995512 33.985455 0.012613 0.999281 -0.035758 -0.904123 -0.996109 0.009438 -0.087618 80.473299 0.000000 0.000000 0.000000 1.000000
1678710504599999905 -0.094352 0.045354 0.994505 35.962968 0.016240 0.998899 -0.044014 -0.989222 -0.995406 0.011998 -0.094984 80.283492 0.000000 0.000000 0.000000 1.000000
1678710504900000095 -0.101130 0.055178 0.993342 38.948933 0.019056 0.998385 -0.053518 -1.143692 -0.994691 0.013517 -0.102018 79.993636 0.000000 0.000000 0.000000 1.000000
1678710505099999905 -0.105887 0.055701 0.992817 40.981300 0.021856 0.998319 -0.053679 -1.257074 -0.994138 0.016015 -0.106926 79.783871 0.000000 0.000000 0.000000 1.000000
1678710505299999952 -0.110136 0.055962 0.992340 43.028152 0.021254 0.998318 -0.053940 -1.385229 -0.993689 0.015150 -0.111140 79.558140 0.000000 0.000000 0.000000 1.000000
1678710505500000000 -0.115192 0.060302 0.991511 45.095279 0.018655 0.998111 -0.058537 -1.505053 -0.993168 0.011754 -0.116100 79.328152 0.000000 0.000000 0.000000 1.000000
1678710505700000048 -0.119726 0.067580 0.990504 47.153396 0.012957 0.997702 -0.066505 -1.639146 -0.992722 0.004871 -0.120326 79.103289 0.000000 0.000000 0.000000 1.000000
1678710505900000095 -0.125241 0.068001 0.989793 49.231870 0.007662 0.997685 -0.067573 -1.791867 -0.992097 -0.000879 -0.125472 78.855297 0.000000 0.000000 0.000000 1.000000
1678710506099999905 -0.130449 0.062371 0.989491 51.346996 0.005700 0.998050 -0.062159 -1.932166 -0.991439 -0.002469 -0.130550 78.592094 0.000000 0.000000 0.000000 1.000000
1678710506299999952 -0.133749 0.065323 0.988860 53.460679 0.006517 0.997862 -0.065036 -2.073299 -0.990994 -0.002254 -0.133889 78.320348 0.000000 0.000000 0.000000 1.000000
1678710506400000095 -0.134546 0.067448 0.988609 54.517885 0.006391 0.997719 -0.067199 -2.146553 -0.990887 -0.002724 -0.134670 78.185560 0.000000 0.000000 0.000000 1.000000
1678710506599999905 -0.134891 0.067035 0.988590 56.665377 0.002471 0.997729 -0.067317 -2.295207 -0.990857 -0.006637 -0.134750 77.904544 0.000000 0.000000 0.000000 1.000000
1678710506900000095 -0.135211 0.067113 0.988541 59.911689 -0.008930 0.997580 -0.068948 -2.528580 -0.990777 -0.018150 -0.134285 77.507678 0.000000 0.000000 0.000000 1.000000
1678710507099999905 -0.135976 0.061251 0.988817 62.094647 -0.012739 0.997896 -0.063565 -2.684822 -0.990630 -0.021240 -0.134910 77.228983 0.000000 0.000000 0.000000 1.000000
1678710507299999952 -0.135734 0.047996 0.989582 64.299425 -0.002129 0.998809 -0.048735 -2.809939 -0.990743 -0.008722 -0.135471 76.923527 0.000000 0.000000 0.000000 1.000000
1678710507500000000 -0.134589 0.054854 0.989382 66.496423 0.009174 0.998493 -0.054111 -2.943825 -0.990859 0.001793 -0.134889 76.596102 0.000000 0.000000 0.000000 1.000000
1678710507700000048 -0.132829 0.063277 0.989117 68.716427 0.012380 0.997988 -0.062182 -3.099636 -0.991062 0.003985 -0.133345 76.284270 0.000000 0.000000 0.000000 1.000000
1678710507900000095 -0.132046 0.058009 0.989545 70.977843 0.010564 0.998312 -0.057113 -3.211781 -0.991187 0.002912 -0.132436 75.997576 0.000000 0.000000 0.000000 1.000000
1678710508099999905 -0.131967 0.056082 0.989666 73.253294 0.006669 0.998426 -0.055689 -3.345379 -0.991232 -0.000749 -0.132134 75.720308 0.000000 0.000000 0.000000 1.000000
1678710508299999952 -0.131442 0.063488 0.989289 75.534716 0.007277 0.997982 -0.063079 -3.495653 -0.991297 -0.001093 -0.131638 75.427246 0.000000 0.000000 0.000000 1.000000
1678710508599999905 -0.130348 0.053876 0.990003 78.997174 0.008712 0.998546 -0.053194 -3.706800 -0.991430 0.001691 -0.130628 74.968305 0.000000 0.000000 0.000000 1.000000
1678710508799999952 -0.130228 0.059340 0.989707 81.310521 0.004614 0.998233 -0.059244 -3.845763 -0.991473 -0.003149 -0.130271 74.676343 0.000000 0.000000 0.000000 1.000000
1678710509000000000 -0.129662 0.055799 0.989987 83.661052 0.003740 0.998436 -0.055785 -3.982756 -0.991551 -0.003531 -0.129668 74.384444 0.000000 0.000000 0.000000 1.000000
1678710509200000048 -0.128508 0.054585 0.990205 86.042667 0.006301 0.998509 -0.054225 -4.128443 -0.991689 -0.000729 -0.128660 74.090005 0.000000 0.000000 0.000000 1.000000
1678710509400000095 -0.126562 0.054681 0.990450 88.439769 0.008609 0.998502 -0.054025 -4.261673 -0.991921 0.001689 -0.126843 73.780957 0.000000 0.000000 0.000000 1.000000
1678710509599999905 -0.124180 0.053139 0.990836 90.842750 0.010718 0.998579 -0.052211 -4.404179 -0.992202 0.004137 -0.124573 73.475515 0.000000 0.000000 0.000000 1.000000
1678710509799999952 -0.122205 0.051450 0.991170 93.271698 0.010102 0.998668 -0.050594 -4.539175 -0.992453 0.003830 -0.122562 73.179255 0.000000 0.000000 0.000000 1.000000
1678710510000000000 -0.119747 0.053916 0.991339 95.713297 0.007551 0.998545 -0.053395 -4.677378 -0.992776 0.001092 -0.119980 72.899058 0.000000 0.000000 0.000000 1.000000
1678710510099999905 -0.118187 0.053171 0.991567 96.942536 0.005203 0.998585 -0.052927 -4.740633 -0.992978 -0.001096 -0.118296 72.754886 0.000000 0.000000 0.000000 1.000000
1678710510400000095 -0.117836 0.051484 0.991698 100.665071 -0.003805 0.998624 -0.052296 -4.953107 -0.993026 -0.009936 -0.117478 72.347973 0.000000 0.000000 0.000000 1.000000
1678710510500000000 -0.118502 0.049386 0.991725 101.927476 -0.004657 0.998724 -0.050291 -5.020484 -0.992943 -0.010578 -0.118121 72.197531 0.000000 0.000000 0.000000 1.000000
1678710510700000048 -0.121486 0.046740 0.991492 104.439496 -0.008972 0.998798 -0.048184 -5.156244 -0.992553 -0.014750 -0.120921 71.916544 0.000000 0.000000 0.000000 1.000000
1678710510900000095 -0.126145 0.044380 0.991019 106.930925 -0.011231 0.998871 -0.046161 -5.303338 -0.991948 -0.016953 -0.125504 71.616972 0.000000 0.000000 0.000000 1.000000
1678710511099999905 -0.132313 0.040746 0.990370 109.445659 -0.011317 0.999028 -0.042614 -5.412218 -0.991143 -0.016846 -0.131724 71.326327 0.000000 0.000000 0.000000 1.000000
1678710511299999952 -0.146246 0.047188 0.988122 111.910242 -0.021913 0.998462 -0.050925 -5.549059 -0.989006 -0.029100 -0.144987 71.014880 0.000000 0.000000 0.000000 1.000000
1678710511500000000 -0.164287 0.042108 0.985513 114.364110 -0.013456 0.998900 -0.044923 -5.679177 -0.986321 -0.020642 -0.163540 70.644574 0.000000 0.000000 0.000000 1.000000
1678710511700000048 -0.192372 0.041679 0.980437 116.815738 -0.014041 0.998878 -0.045218 -5.822935 -0.981222 -0.022465 -0.191571 70.207258 0.000000 0.000000 0.000000 1.000000
1678710511799999952 -0.206312 0.041220 0.977618 118.037559 -0.010467 0.998962 -0.044329 -5.869031 -0.978430 -0.019378 -0.205666 69.970610 0.000000 0.000000 0.000000 1.000000
1678710512000000000 -0.237003 0.045813 0.970428 120.412467 -0.006768 0.998785 -0.048804 -6.007186 -0.971485 -0.018135 -0.236405 69.439729 0.000000 0.000000 0.000000 1.000000
1678710512200000048 -0.268534 0.045966 0.962173 122.749770 -0.013304 0.998589 -0.051419 -6.153656 -0.963178 -0.026609 -0.267543 68.846135 0.000000 0.000000 0.000000 1.000000
1678710512400000095 -0.299189 0.037522 0.953456 125.095726 -0.020439 0.998745 -0.045718 -6.274770 -0.953975 -0.033166 -0.298046 68.201826 0.000000 0.000000 0.000000 1.000000
1678710512599999905 -0.329163 0.038926 0.943470 127.391642 -0.024517 0.998461 -0.049748 -6.409737 -0.943955 -0.039507 -0.327702 67.463748 0.000000 0.000000 0.000000 1.000000
1678710512700000048 -0.343215 0.040531 0.938382 128.524169 -0.023521 0.998384 -0.051726 -6.485226 -0.938962 -0.039825 -0.341707 67.069845 0.000000 0.000000 0.000000 1.000000
1678710512900000095 -0.371155 0.038491 0.927773 130.768006 -0.022031 0.998494 -0.050239 -6.620113 -0.928310 -0.039086 -0.369748 66.221178 0.000000 0.000000 0.000000 1.000000
1678710513000000000 -0.385212 0.037172 0.922079 131.894068 -0.021910 0.998538 -0.049408 -6.692496 -0.922568 -0.039236 -0.383835 65.781264 0.000000 0.000000 0.000000 1.000000
1678710513200000048 -0.415127 0.039387 0.908911 134.085185 -0.023656 0.998257 -0.054064 -6.827338 -0.909456 -0.043944 -0.413471 64.853615 0.000000 0.000000 0.000000 1.000000
1678710513299999952 -0.429376 0.041278 0.902182 135.159526 -0.022260 0.998168 -0.056263 -6.898176 -0.902851 -0.044240 -0.427670 64.349604 0.000000 0.000000 0.000000 1.000000
1678710513500000000 -0.458648 0.046838 0.887383 137.314092 -0.019783 0.997824 -0.062893 -7.048474 -0.888398 -0.046400 -0.456724 63.298957 0.000000 0.000000 0.000000 1.000000
1678710513700000048 -0.488943 0.045845 0.871110 139.434784 -0.020897 0.997716 -0.064238 -7.211715 -0.872066 -0.049612 -0.486868 62.174907 0.000000 0.000000 0.000000 1.000000
1678710513900000095 -0.520695 0.041027 0.852757 141.556855 -0.024585 0.997710 -0.063012 -7.369560 -0.853389 -0.053775 -0.518494 60.962818 0.000000 0.000000 0.000000 1.000000
1678710514099999905 -0.552149 0.038845 0.832840 143.640952 -0.026879 0.997565 -0.064349 -7.527890 -0.833312 -0.057916 -0.549761 59.670700 0.000000 0.000000 0.000000 1.000000
1678710514299999952 -0.583140 0.036642 0.811545 145.679332 -0.029619 0.997359 -0.066314 -7.699819 -0.811832 -0.062707 -0.580515 58.292909 0.000000 0.000000 0.000000 1.000000
1678710514400000095 -0.598099 0.033441 0.800724 146.696252 -0.030724 0.997438 -0.064606 -7.787055 -0.800833 -0.063243 -0.595539 57.565289 0.000000 0.000000 0.000000 1.000000
1678710514599999905 -0.627759 0.028210 0.777897 148.677322 -0.029986 0.997725 -0.060380 -7.950961 -0.777830 -0.061230 -0.625485 56.047362 0.000000 0.000000 0.000000 1.000000
1678710514799999952 -0.657139 0.026535 0.753302 150.608325 -0.032981 0.997411 -0.063905 -8.114267 -0.753048 -0.066839 -0.654562 54.469664 0.000000 0.000000 0.000000 1.000000
1678710514900000095 -0.672099 0.025717 0.740015 151.552955 -0.035465 0.997132 -0.066862 -8.200954 -0.739612 -0.071182 -0.669259 53.636104 0.000000 0.000000 0.000000 1.000000
1678710515099999905 -0.703212 0.016281 0.710794 153.421000 -0.040055 0.997243 -0.062470 -8.362788 -0.709851 -0.072401 -0.700621 51.899198 0.000000 0.000000 0.000000 1.000000
1678710515299999952 -0.736827 0.009474 0.676015 155.217616 -0.044194 0.997088 -0.062144 -8.539623 -0.674635 -0.075665 -0.734263 50.075219 0.000000 0.000000 0.000000 1.000000
1678710515500000000 -0.770107 0.004395 0.637899 156.932074 -0.046821 0.996890 -0.063393 -8.692412 -0.636194 -0.078687 -0.767506 48.178026 0.000000 0.000000 0.000000 1.000000
1678710515700000048 -0.800942 0.004826 0.598722 158.525902 -0.042838 0.996943 -0.065343 -8.872319 -0.597207 -0.077984 -0.798287 46.164516 0.000000 0.000000 0.000000 1.000000
1678710515900000095 -0.829319 0.006482 0.558738 160.027765 -0.037821 0.996988 -0.067703 -9.060958 -0.557494 -0.077279 -0.826576 44.074960 0.000000 0.000000 0.000000 1.000000
1678710516099999905 -0.855592 0.006426 0.517611 161.408933 -0.036163 0.996738 -0.072149 -9.257207 -0.516386 -0.080449 -0.852569 41.941265 0.000000 0.000000 0.000000 1.000000
1678710516299999952 -0.877276 0.007322 0.479930 162.706902 -0.031400 0.996866 -0.072605 -9.443928 -0.478958 -0.078765 -0.874297 39.720826 0.000000 0.000000 0.000000 1.000000
1678710516500000000 -0.895327 0.006828 0.445357 163.888818 -0.031013 0.996500 -0.077625 -9.662307 -0.444328 -0.083311 -0.891982 37.477170 0.000000 0.000000 0.000000 1.000000
1678710516700000048 -0.910227 0.002478 0.414101 165.014689 -0.032798 0.996409 -0.078056 -9.868014 -0.412808 -0.084631 -0.906878 35.167373 0.000000 0.000000 0.000000 1.000000
1678710516799999952 -0.916546 0.001048 0.399928 165.543423 -0.032825 0.996426 -0.077838 -9.976196 -0.398580 -0.084469 -0.913235 34.009762 0.000000 0.000000 0.000000 1.000000
1678710517000000000 -0.927869 -0.006288 0.372853 166.562326 -0.036680 0.996548 -0.074476 -10.180482 -0.371097 -0.082780 -0.924897 31.641276 0.000000 0.000000 0.000000 1.000000
1678710517200000048 -0.936735 -0.009387 0.349913 167.508071 -0.035720 0.996986 -0.068877 -10.372572 -0.348211 -0.077018 -0.934247 29.236960 0.000000 0.000000 0.000000 1.000000
1678710517400000095 -0.942159 -0.000316 0.335165 168.375634 -0.025883 0.997082 -0.071816 -10.577036 -0.334165 -0.076338 -0.939418 26.824618 0.000000 0.000000 0.000000 1.000000
1678710517700000048 -0.947307 -0.007325 0.320243 169.656401 -0.030989 0.997145 -0.068860 -10.872749 -0.318825 -0.075156 -0.944829 23.200666 0.000000 0.000000 0.000000 1.000000
1678710517900000095 -0.950261 -0.019757 0.310829 170.509184 -0.043132 0.996718 -0.068510 -11.056208 -0.308455 -0.078508 -0.947994 20.757427 0.000000 0.000000 0.000000 1.000000
1678710518099999905 -0.952110 -0.022785 0.304905 171.327296 -0.047228 0.996211 -0.073030 -11.252910 -0.302086 -0.083932 -0.949578 18.332920 0.000000 0.000000 0.000000 1.000000
1678710518299999952 -0.952227 -0.019378 0.304775 172.128635 -0.044715 0.996076 -0.076373 -11.464253 -0.302099 -0.086353 -0.949357 15.886817 0.000000 0.000000 0.000000 1.000000
1678710518500000000 -0.951492 -0.017669 0.307166 172.932924 -0.044018 0.995897 -0.079069 -11.673861 -0.304508 -0.088754 -0.948366 13.438102 0.000000 0.000000 0.000000 1.000000
1678710518700000048 -0.950058 -0.015886 0.311669 173.731534 -0.042426 0.996006 -0.078560 -11.894002 -0.309176 -0.087860 -0.946938 11.004466 0.000000 0.000000 0.000000 1.000000
1678710518900000095 -0.947429 -0.018688 0.319419 174.556804 -0.045242 0.996087 -0.075916 -12.108107 -0.316751 -0.086376 -0.944568 8.601040 0.000000 0.000000 0.000000 1.000000
1678710519099999905 -0.942969 -0.021890 0.332160 175.387411 -0.047768 0.996407 -0.069941 -12.301578 -0.329436 -0.081818 -0.940626 6.218270 0.000000 0.000000 0.000000 1.000000
1678710519299999952 -0.937282 -0.018911 0.348058 176.250797 -0.045665 0.996583 -0.068823 -12.493818 -0.345567 -0.080401 -0.934943 3.866948 0.000000 0.000000 0.000000 1.000000
1678710519500000000 -0.929834 -0.014942 0.367675 177.148462 -0.043448 0.996644 -0.069376 -12.683368 -0.365404 -0.080483 -0.927363 1.537686 0.000000 0.000000 0.000000 1.000000
1678710519599999905 -0.925317 -0.012736 0.378981 177.614256 -0.042290 0.996667 -0.069762 -12.777427 -0.376830 -0.080579 -0.922771 0.380056 0.000000 0.000000 0.000000 1.000000
1678710519799999952 -0.914274 -0.009186 0.404992 178.584418 -0.040981 0.996711 -0.069908 -12.976452 -0.403018 -0.080512 -0.911644 -1.914237 0.000000 0.000000 0.000000 1.000000
1678710519900000095 -0.908141 -0.009370 0.418560 179.105998 -0.041196 0.996898 -0.067065 -13.061653 -0.416633 -0.078147 -0.905710 -3.069501 0.000000 0.000000 0.000000 1.000000
1678710520099999905 -0.895927 -0.004877 0.444175 180.164682 -0.037891 0.997134 -0.065480 -13.247104 -0.442583 -0.075496 -0.893544 -5.288075 0.000000 0.000000 0.000000 1.000000
1678710520200000048 -0.888712 -0.002554 0.458459 180.740079 -0.035046 0.997437 -0.062381 -13.342737 -0.457125 -0.071506 -0.886523 -6.413212 0.000000 0.000000 0.000000 1.000000
1678710520400000095 -0.874100 0.002883 0.485737 181.881440 -0.028143 0.998002 -0.056567 -13.512515 -0.484930 -0.063116 -0.872273 -8.563787 0.000000 0.000000 0.000000 1.000000
1678710520799999952 -0.838536 0.015283 0.544632 184.286815 -0.014169 0.998657 -0.049838 -13.791277 -0.544662 -0.049508 -0.837193 -12.531072 0.000000 0.000000 0.000000 1.000000
1678710521000000000 -0.816743 0.019296 0.576678 185.552094 -0.010764 0.998757 -0.048665 -13.923036 -0.576901 -0.045954 -0.815521 -14.412282 0.000000 0.000000 0.000000 1.000000
1678710521099999905 -0.804019 0.020615 0.594246 186.243648 -0.008407 0.998905 -0.046028 -13.991846 -0.594544 -0.042003 -0.802965 -15.376168 0.000000 0.000000 0.000000 1.000000
1678710521299999952 -0.775620 0.024574 0.630721 187.611072 -0.003801 0.999042 -0.043598 -14.120956 -0.631188 -0.036213 -0.774784 -17.170055 0.000000 0.000000 0.000000 1.000000
1678710521400000095 -0.758969 0.027125 0.650562 188.383773 -0.003051 0.998973 -0.045211 -14.194431 -0.651120 -0.036298 -0.758106 -18.094229 0.000000 0.000000 0.000000 1.000000
1678710521599999905 -0.724900 0.028510 0.688264 189.916124 -0.002468 0.999029 -0.043982 -14.317948 -0.688850 -0.033581 -0.724126 -19.779390 0.000000 0.000000 0.000000 1.000000
1678710521700000048 -0.706359 0.027754 0.707310 190.727280 -0.003917 0.999063 -0.043114 -14.382996 -0.707843 -0.033224 -0.705588 -20.608101 0.000000 0.000000 0.000000 1.000000
1678710521900000095 -0.668381 0.027431 0.743313 192.369437 -0.007741 0.999009 -0.043828 -14.503153 -0.743779 -0.035048 -0.667506 -22.161285 0.000000 0.000000 0.000000 1.000000
1678710522000000000 -0.648011 0.026942 0.761154 193.245406 -0.009047 0.999031 -0.043065 -14.570452 -0.761577 -0.034793 -0.647140 -22.922229 0.000000 0.000000 0.000000 1.000000
1678710522200000048 -0.604542 0.026627 0.796128 194.999922 -0.009060 0.999147 -0.040297 -14.696342 -0.796522 -0.031575 -0.603785 -24.362501 0.000000 0.000000 0.000000 1.000000
1678710522299999952 -0.580576 0.029940 0.813655 195.949461 -0.006872 0.999108 -0.041667 -14.757972 -0.814177 -0.029783 -0.579853 -25.051399 0.000000 0.000000 0.000000 1.000000
1678710522500000000 -0.530142 0.029539 0.847394 197.826264 -0.007346 0.999195 -0.039426 -14.868470 -0.847877 -0.027126 -0.529499 -26.307289 0.000000 0.000000 0.000000 1.000000
1678710522599999905 -0.502578 0.027733 0.864087 198.831598 -0.007500 0.999308 -0.036435 -14.925040 -0.864499 -0.024792 -0.502023 -26.910732 0.000000 0.000000 0.000000 1.000000
1678710522700000048 -0.474097 0.028198 0.880021 199.831260 -0.007319 0.999326 -0.035964 -14.989066 -0.880442 -0.023491 -0.473571 -27.487264 0.000000 0.000000 0.000000 1.000000
1678710522900000095 -0.414922 0.032959 0.909260 201.854362 -0.004450 0.999258 -0.038252 -15.090946 -0.909846 -0.019918 -0.414468 -28.501293 0.000000 0.000000 0.000000 1.000000
1678710523000000000 -0.382898 0.033726 0.923175 202.945382 -0.001644 0.999307 -0.037189 -15.145860 -0.923789 -0.015758 -0.382577 -28.955631 0.000000 0.000000 0.000000 1.000000
1678710523200000048 -0.319348 0.033152 0.947057 205.101046 0.001645 0.999406 -0.034430 -15.244244 -0.947636 -0.009437 -0.319213 -29.752555 0.000000 0.000000 0.000000 1.000000
1678710523299999952 -0.285809 0.031205 0.957778 206.216461 0.002413 0.999490 -0.031844 -15.298168 -0.958283 -0.006790 -0.285739 -30.096921 0.000000 0.000000 0.000000 1.000000
1678710523500000000 -0.217408 0.030066 0.975618 208.453989 0.006310 0.999548 -0.029397 -15.394281 -0.976061 -0.000235 -0.217499 -30.661345 0.000000 0.000000 0.000000 1.000000
1678710523599999905 -0.183003 0.030009 0.982654 209.585478 0.007126 0.999548 -0.029198 -15.440733 -0.983087 0.001659 -0.183134 -30.892837 0.000000 0.000000 0.000000 1.000000
1678710523799999952 -0.113881 0.030260 0.993034 211.822589 0.008395 0.999530 -0.029495 -15.531042 -0.993459 0.004977 -0.114081 -31.219248 0.000000 0.000000 0.000000 1.000000
1678710523900000095 -0.079597 0.030437 0.996362 213.003802 0.008295 0.999519 -0.029871 -15.577303 -0.996793 0.005887 -0.079811 -31.313713 0.000000 0.000000 0.000000 1.000000
1678710524099999905 -0.013557 0.029968 0.999459 215.304207 0.007508 0.999526 -0.029868 -15.670202 -0.999880 0.007099 -0.013775 -31.407799 0.000000 0.000000 0.000000 1.000000
1678710524200000048 0.018866 0.030195 0.999366 216.458506 0.008821 0.999500 -0.030365 -15.712169 -0.999783 0.009388 0.018590 -31.399936 0.000000 0.000000 0.000000 1.000000
1678710524400000095 0.081574 0.026897 0.996304 218.776804 0.013120 0.999520 -0.028058 -15.798143 -0.996581 0.015360 0.081182 -31.286453 0.000000 0.000000 0.000000 1.000000
1678710524500000000 0.111635 0.027363 0.993372 219.936626 0.014390 0.999472 -0.029148 -15.843366 -0.993645 0.017548 0.111182 -31.172127 0.000000 0.000000 0.000000 1.000000
1678710524700000048 0.171416 0.027070 0.984827 222.229263 0.019371 0.999337 -0.030841 -15.931114 -0.985008 0.024363 0.170778 -30.837134 0.000000 0.000000 0.000000 1.000000
1678710524799999952 0.202188 0.025337 0.979019 223.418487 0.023760 0.999244 -0.030768 -15.975321 -0.979058 0.029482 0.201434 -30.609420 0.000000 0.000000 0.000000 1.000000
1678710525000000000 0.262370 0.023403 0.964684 225.714743 0.030391 0.999010 -0.032502 -16.066816 -0.964489 0.037845 0.261399 -30.052274 0.000000 0.000000 0.000000 1.000000
1678710525200000048 0.320665 0.021374 0.946951 227.984082 0.032790 0.998896 -0.033650 -16.164442 -0.946625 0.041841 0.319610 -29.362427 0.000000 0.000000 0.000000 1.000000
1678710525299999952 0.349486 0.020024 0.936728 229.104146 0.033410 0.998869 -0.033817 -16.214468 -0.936346 0.043114 0.348422 -28.960581 0.000000 0.000000 0.000000 1.000000
1678710525500000000 0.407460 0.022758 0.912939 231.318767 0.037639 0.998421 -0.041688 -16.311925 -0.912447 0.051349 0.405961 -28.044159 0.000000 0.000000 0.000000 1.000000
1678710525599999905 0.435691 0.021676 0.899835 232.417045 0.039606 0.998280 -0.043224 -16.369037 -0.899225 0.054471 0.434083 -27.527545 0.000000 0.000000 0.000000 1.000000
1678710525799999952 0.489097 0.016534 0.872072 234.541343 0.041355 0.998256 -0.042120 -16.490345 -0.871248 0.056665 0.487561 -26.404198 0.000000 0.000000 0.000000 1.000000
1678710526000000000 0.534760 0.016828 0.844836 236.596601 0.039518 0.998210 -0.044897 -16.605893 -0.844079 0.057395 0.533138 -25.164504 0.000000 0.000000 0.000000 1.000000
1678710526099999905 0.555339 0.015483 0.831480 237.619078 0.039436 0.998212 -0.044926 -16.668697 -0.830689 0.057739 0.553735 -24.493700 0.000000 0.000000 0.000000 1.000000
1678710526299999952 0.592435 0.009604 0.805561 239.598598 0.041071 0.998269 -0.042106 -16.784127 -0.804571 0.058031 0.591015 -23.104717 0.000000 0.000000 0.000000 1.000000
1678710526500000000 0.625109 0.004835 0.780522 241.531878 0.044490 0.998134 -0.041814 -16.906262 -0.779268 0.060864 0.623728 -21.609096 0.000000 0.000000 0.000000 1.000000
1678710526599999905 0.641107 0.004358 0.767439 242.483208 0.044942 0.998055 -0.043212 -16.963137 -0.766134 0.062194 0.639664 -20.826574 0.000000 0.000000 0.000000 1.000000
1678710526799999952 0.672211 0.000896 0.740359 244.320995 0.045648 0.998047 -0.042654 -17.075962 -0.738951 0.062468 0.670857 -19.197877 0.000000 0.000000 0.000000 1.000000
1678710527000000000 0.702276 -0.004417 0.711891 246.121715 0.047347 0.998057 -0.040514 -17.196172 -0.710328 0.062158 0.701120 -17.491912 0.000000 0.000000 0.000000 1.000000
1678710527200000048 0.730243 -0.005506 0.683166 247.862913 0.049237 0.997791 -0.044588 -17.310625 -0.681411 0.066197 0.728901 -15.701309 0.000000 0.000000 0.000000 1.000000
1678710527400000095 0.754322 -0.008943 0.656444 249.531330 0.049513 0.997834 -0.043302 -17.430473 -0.654635 0.065166 0.753131 -13.832934 0.000000 0.000000 0.000000 1.000000
1678710527599999905 0.776315 -0.013090 0.630209 251.155848 0.052146 0.997691 -0.043512 -17.565591 -0.628184 0.066642 0.775205 -11.894598 0.000000 0.000000 0.000000 1.000000
1678710527799999952 0.795319 -0.017137 0.605949 252.734376 0.056871 0.997301 -0.046440 -17.686855 -0.603518 0.071396 0.794147 -9.885718 0.000000 0.000000 0.000000 1.000000
1678710528099999905 0.817389 -0.023627 0.575601 255.016424 0.061495 0.997028 -0.046402 -17.880728 -0.572795 0.073325 0.816413 -6.755904 0.000000 0.000000 0.000000 1.000000
1678710528299999952 0.824906 -0.026315 0.564658 256.495976 0.061756 0.997132 -0.043749 -18.006388 -0.561887 0.070960 0.824165 -4.594081 0.000000 0.000000 0.000000 1.000000
1678710528500000000 0.830506 -0.028006 0.556305 257.966654 0.062598 0.997101 -0.043255 -18.138066 -0.553481 0.070747 0.829852 -2.411564 0.000000 0.000000 0.000000 1.000000
1678710528599999905 0.832697 -0.030814 0.552871 258.707007 0.064381 0.997066 -0.041396 -18.196071 -0.549974 0.070065 0.832238 -1.301681 0.000000 0.000000 0.000000 1.000000
1678710528799999952 0.837653 -0.033569 0.545171 260.158221 0.066536 0.996948 -0.040846 -18.323252 -0.542135 0.070489 0.837329 0.898221 0.000000 0.000000 0.000000 1.000000
1678710529000000000 0.842314 -0.034780 0.537863 261.599162 0.066947 0.996939 -0.040376 -18.443253 -0.534812 0.070018 0.842065 3.146306 0.000000 0.000000 0.000000 1.000000
1678710529200000048 0.846536 -0.035440 0.531150 263.026171 0.066847 0.996960 -0.040019 -18.571632 -0.528118 0.069383 0.846332 5.421451 0.000000 0.000000 0.000000 1.000000
1678710529500000000 0.849677 -0.031865 0.526340 265.115607 0.061932 0.997295 -0.039599 -18.752067 -0.523654 0.066244 0.849352 8.817191 0.000000 0.000000 0.000000 1.000000
1678710529700000048 0.851018 -0.027415 0.524420 266.512263 0.058000 0.997434 -0.041978 -18.878127 -0.521923 0.066140 0.850424 11.108648 0.000000 0.000000 0.000000 1.000000
1678710529900000095 0.851400 -0.025117 0.523915 267.880370 0.056084 0.997486 -0.043321 -19.008525 -0.521510 0.066267 0.850668 13.356421 0.000000 0.000000 0.000000 1.000000
1678710530000000000 0.851607 -0.024849 0.523591 268.586449 0.055189 0.997574 -0.042420 -19.077922 -0.521267 0.065022 0.850913 14.516418 0.000000 0.000000 0.000000 1.000000
1678710530200000048 0.851746 -0.029848 0.523104 269.962560 0.059088 0.997479 -0.039294 -19.200348 -0.520612 0.064377 0.851363 16.771410 0.000000 0.000000 0.000000 1.000000
1678710530400000095 0.851805 -0.033191 0.522806 271.346292 0.063123 0.997222 -0.039537 -19.321421 -0.520042 0.066679 0.851534 19.040728 0.000000 0.000000 0.000000 1.000000
1678710530500000000 0.851754 -0.032972 0.522903 272.054236 0.064091 0.997080 -0.041526 -19.383888 -0.520007 0.068883 0.851380 20.198871 0.000000 0.000000 0.000000 1.000000
1678710530700000048 0.851905 -0.033416 0.522628 273.439117 0.063654 0.997170 -0.040002 -19.503924 -0.519813 0.067345 0.851622 22.475580 0.000000 0.000000 0.000000 1.000000
1678710530900000095 0.851802 -0.034852 0.522704 274.848489 0.063527 0.997293 -0.037029 -19.621759 -0.519998 0.064747 0.851710 24.785655 0.000000 0.000000 0.000000 1.000000
1678710531200000048 0.852183 -0.034197 0.522125 276.965250 0.062909 0.997320 -0.037356 -19.795226 -0.519448 0.064680 0.852051 28.270079 0.000000 0.000000 0.000000 1.000000
1678710531400000095 0.852245 -0.031194 0.522213 278.389878 0.060019 0.997460 -0.038368 -19.922398 -0.519689 0.064041 0.851952 30.631368 0.000000 0.000000 0.000000 1.000000
1678710531599999905 0.852455 -0.036605 0.521518 279.828239 0.060226 0.997780 -0.028409 -20.026999 -0.519321 0.055626 0.852767 33.001210 0.000000 0.000000 0.000000 1.000000
1678710531799999952 0.852961 -0.036796 0.520677 281.225553 0.059265 0.997889 -0.026567 -20.124199 -0.518600 0.053518 0.853340 35.318437 0.000000 0.000000 0.000000 1.000000
1678710532000000000 0.853517 -0.036936 0.519755 282.632565 0.058101 0.998010 -0.024488 -20.208598 -0.517816 0.051100 0.853965 37.659459 0.000000 0.000000 0.000000 1.000000
1678710532099999905 0.854186 -0.038700 0.518526 283.335385 0.058726 0.998026 -0.022254 -20.257349 -0.516641 0.049460 0.854772 38.835210 0.000000 0.000000 0.000000 1.000000
1678710532299999952 0.855925 -0.039932 0.515555 284.736137 0.060072 0.997942 -0.022437 -20.350545 -0.513598 0.050175 0.856562 41.154222 0.000000 0.000000 0.000000 1.000000
1678710532500000000 0.858854 -0.040401 0.510625 286.102832 0.059398 0.998015 -0.020942 -20.434246 -0.508765 0.048317 0.859549 43.453398 0.000000 0.000000 0.000000 1.000000
1678710532599999905 0.860440 -0.040919 0.507906 286.785183 0.058404 0.998121 -0.018529 -20.468672 -0.506193 0.045607 0.861213 44.625715 0.000000 0.000000 0.000000 1.000000
1678710532799999952 0.863411 -0.045734 0.502425 288.110712 0.060581 0.998075 -0.013257 -20.543591 -0.500851 0.041883 0.864519 46.910233 0.000000 0.000000 0.000000 1.000000
1678710532900000095 0.864783 -0.047130 0.499930 288.758728 0.061956 0.997993 -0.013087 -20.579749 -0.498310 0.042291 0.865967 48.051354 0.000000 0.000000 0.000000 1.000000
1678710533099999905 0.867691 -0.046945 0.494882 290.045123 0.062682 0.997917 -0.015238 -20.649987 -0.493136 0.044242 0.868827 50.293501 0.000000 0.000000 0.000000 1.000000
1678710533299999952 0.869873 -0.046535 0.491076 291.300522 0.061293 0.998022 -0.013999 -20.708569 -0.489453 0.042277 0.871004 52.533717 0.000000 0.000000 0.000000 1.000000
1678710533400000095 0.870436 -0.045389 0.490184 291.903177 0.061015 0.998010 -0.015936 -20.745818 -0.488485 0.043780 0.871473 53.626461 0.000000 0.000000 0.000000 1.000000
1678710533599999905 0.870489 -0.038267 0.490699 293.108285 0.057822 0.998020 -0.024745 -20.825921 -0.488780 0.049913 0.870978 55.791268 0.000000 0.000000 0.000000 1.000000
1678710533799999952 0.867883 -0.032848 0.495681 294.320853 0.052313 0.998307 -0.025438 -20.909818 -0.494006 0.048008 0.868132 57.964671 0.000000 0.000000 0.000000 1.000000
1678710534000000000 0.860959 -0.024482 0.508085 295.506332 0.043767 0.998702 -0.026042 -20.993513 -0.506788 0.044658 0.860913 60.081284 0.000000 0.000000 0.000000 1.000000
1678710534200000048 0.850549 -0.022193 0.525427 296.739497 0.041204 0.998850 -0.024511 -21.081907 -0.524279 0.042498 0.850485 62.148871 0.000000 0.000000 0.000000 1.000000
1678710534400000095 0.836946 -0.024041 0.546757 298.028208 0.042655 0.998861 -0.021373 -21.160562 -0.545620 0.041210 0.837019 64.203033 0.000000 0.000000 0.000000 1.000000
1678710534599999905 0.820048 -0.022521 0.571851 299.379803 0.040556 0.999000 -0.018815 -21.230671 -0.570855 0.038621 0.820142 66.224268 0.000000 0.000000 0.000000 1.000000
1678710534799999952 0.799475 -0.016386 0.600476 300.753356 0.034960 0.999203 -0.019278 -21.289759 -0.599681 0.036405 0.799410 68.167540 0.000000 0.000000 0.000000 1.000000
1678710535000000000 0.772998 -0.011258 0.634309 302.218839 0.030942 0.999322 -0.019972 -21.352505 -0.633654 0.035065 0.772821 70.061562 0.000000 0.000000 0.000000 1.000000
1678710535200000048 0.742247 -0.009044 0.670065 303.768951 0.026591 0.999519 -0.015966 -21.414582 -0.669598 0.029668 0.742131 71.898471 0.000000 0.000000 0.000000 1.000000
1678710535400000095 0.706693 -0.004714 0.707504 305.396019 0.020996 0.999677 -0.014310 -21.472255 -0.707208 0.024967 0.706564 73.623868 0.000000 0.000000 0.000000 1.000000
1678710535599999905 0.666781 0.000703 0.745253 307.073501 0.015112 0.999781 -0.014464 -21.533974 -0.745100 0.020906 0.666625 75.237059 0.000000 0.000000 0.000000 1.000000
1678710535799999952 0.619571 0.004095 0.784930 308.834472 0.009711 0.999870 -0.012882 -21.589906 -0.784881 0.015604 0.619450 76.751685 0.000000 0.000000 0.000000 1.000000
1678710536000000000 0.566090 0.004347 0.824332 310.672792 0.005935 0.999939 -0.009348 -21.639949 -0.824322 0.010184 0.566029 78.127529 0.000000 0.000000 0.000000 1.000000
1678710536200000048 0.507867 0.006128 0.861414 312.565998 0.002366 0.999961 -0.008508 -21.685528 -0.861432 0.006359 0.507833 79.357334 0.000000 0.000000 0.000000 1.000000
1678710536400000095 0.448029 0.008962 0.893974 314.482886 -0.001885 0.999957 -0.009080 -21.733098 -0.894017 0.002383 0.448027 80.449866 0.000000 0.000000 0.000000 1.000000
1678710536599999905 0.384490 0.006457 0.923106 316.493947 -0.003078 0.999979 -0.005713 -21.770585 -0.923124 -0.000644 0.384502 81.385241 0.000000 0.000000 0.000000 1.000000
1678710536799999952 0.319013 0.010340 0.947694 318.545214 -0.006624 0.999940 -0.008681 -21.804316 -0.947727 -0.003509 0.319063 82.175102 0.000000 0.000000 0.000000 1.000000
1678710537000000000 0.252148 0.012373 0.967610 320.616640 -0.009601 0.999901 -0.010284 -21.853863 -0.967641 -0.006697 0.252242 82.811847 0.000000 0.000000 0.000000 1.000000
1678710537200000048 0.182871 0.008214 0.983103 322.720667 -0.012755 0.999901 -0.005982 -21.883603 -0.983054 -0.011446 0.182957 83.291524 0.000000 0.000000 0.000000 1.000000
1678710537400000095 0.112310 0.008696 0.993635 324.848023 -0.015877 0.999850 -0.006956 -21.914734 -0.993546 -0.014995 0.112432 83.638650 0.000000 0.000000 0.000000 1.000000
1678710537500000000 0.076780 0.012542 0.996969 325.912830 -0.020902 0.999721 -0.010967 -21.935253 -0.996829 -0.019997 0.077020 83.734209 0.000000 0.000000 0.000000 1.000000
1678710537700000048 0.006015 0.016448 0.999847 328.020122 -0.025860 0.999533 -0.016287 -21.983053 -0.999647 -0.025758 0.006437 83.850480 0.000000 0.000000 0.000000 1.000000
1678710537900000095 -0.064114 0.008669 0.997905 330.132296 -0.029574 0.999507 -0.010583 -22.026886 -0.997504 -0.030190 -0.063826 83.810282 0.000000 0.000000 0.000000 1.000000
1678710538099999905 -0.135229 0.007328 0.990787 332.216900 -0.032778 0.999392 -0.011865 -22.065789 -0.990272 -0.034081 -0.134906 83.604559 0.000000 0.000000 0.000000 1.000000
1678710538299999952 -0.207392 0.007804 0.978227 334.270119 -0.037485 0.999170 -0.015918 -22.114318 -0.977540 -0.039970 -0.206927 83.256662 0.000000 0.000000 0.000000 1.000000
