1678710495200000000 1.000000 -0.000000 0.000000 -0.000000 0.000000 1.000000 0.000000 0.000000 -0.000000 0.000000 1.000000 0.000000 0.000000 0.000000 0.000000 1.000000
1678710495500000000 0.999722 -0.007600 0.022327 0.324053 0.007437 0.999945 0.007369 -0.001700 -0.022381 -0.007201 0.999724 1.300199 0.000000 0.000000 0.000000 1.000000
1678710496100000000 0.998816 0.002786 0.048568 0.351811 -0.002716 0.999995 -0.001508 0.161575 -0.048572 0.001374 0.998819 3.034514 0.000000 0.000000 0.000000 1.000000
1678710497200000000 0.995144 0.015007 0.097276 -0.199178 -0.009819 0.998514 -0.053595 1.248756 -0.097936 0.052380 0.993813 9.298398 0.000000 0.000000 0.000000 1.000000
1678710498000000000 0.993434 0.055939 0.099795 -0.805133 -0.050492 0.997136 -0.056300 1.807021 -0.102659 0.050891 0.993414 15.303164 0.000000 0.000000 0.000000 1.000000
1678710499700000000 0.995809 0.003260 0.091396 -3.998300 -0.000464 0.999532 -0.030596 1.903368 -0.091453 0.030426 0.995344 25.489338 0.000000 0.000000 0.000000 1.000000
1678710500900000000 0.987765 -0.015388 -0.155192 -3.194701 0.019173 0.999553 0.022923 1.344343 0.154770 -0.025618 0.987618 40.058182 0.000000 0.000000 0.000000 1.000000
1678710502100000000 0.865976 -0.045020 -0.498055 -0.196151 0.020183 0.998274 -0.055143 1.469415 0.499678 0.037700 0.865390 46.758682 0.000000 0.000000 0.000000 1.000000
1678710503100000000 0.695956 -0.029863 -0.717464 3.766260 0.024065 0.999544 -0.018261 1.624882 0.717681 -0.004557 0.696357 51.310051 0.000000 0.000000 0.000000 1.000000
1678710504200000000 0.505959 -0.075201 -0.859273 12.546163 0.000778 0.996232 -0.086729 1.421339 0.862557 0.043213 0.504111 57.327126 0.000000 0.000000 0.000000 1.000000
1678710504900000000 0.490192 -0.053205 -0.869989 18.845798 -0.036192 0.996032 -0.081306 1.730119 0.870862 0.071342 0.486322 60.756577 0.000000 0.000000 0.000000 1.000000
1678710505700000000 0.476012 0.012608 -0.879349 25.955688 -0.077648 0.996595 -0.027744 1.882447 0.876004 0.081486 0.475370 65.346230 0.000000 0.000000 0.000000 1.000000
1678710507000000000 0.418534 0.026904 -0.907803 37.129604 -0.096845 0.995184 -0.015156 2.785151 0.903023 0.094259 0.419124 71.266785 0.000000 0.000000 0.000000 1.000000
1678710507900000000 0.447404 0.012815 -0.894240 44.677738 -0.142002 0.988230 -0.056885 3.618820 0.882986 0.152435 0.443958 75.256050 0.000000 0.000000 0.000000 1.000000
1678710509000000000 0.365716 -0.028440 -0.930292 52.583443 -0.104137 0.992006 -0.071265 3.419847 0.924882 0.122941 0.359831 78.491341 0.000000 0.000000 0.000000 1.000000
1678710510100000000 0.273651 0.021932 -0.961579 61.368885 -0.094398 0.995526 -0.004158 3.749056 0.957185 0.091909 0.274497 81.049454 0.000000 0.000000 0.000000 1.000000
1678710511000000000 0.271127 0.075977 -0.959540 70.203545 -0.075727 0.995474 0.057425 3.996032 0.959560 0.057094 0.275653 84.197739 0.000000 0.000000 0.000000 1.000000
1678710512100000000 0.127295 0.053915 -0.990399 83.491692 -0.093901 0.994692 0.042080 4.625785 0.987410 0.087643 0.131682 86.833923 0.000000 0.000000 0.000000 1.000000
1678710512800000000 0.025396 0.049103 -0.998471 92.082481 -0.006232 0.998781 0.048960 4.492933 0.999658 0.004979 0.025672 87.763092 0.000000 0.000000 0.000000 1.000000
1678710513500000000 -0.087504 0.055421 -0.994621 100.340347 -0.024754 0.998022 0.057788 5.252569 0.995857 0.029677 -0.085959 87.559418 0.000000 0.000000 0.000000 1.000000
1678710514500000000 -0.274672 -0.003415 -0.961532 111.954277 -0.028219 0.999592 0.004511 5.813753 0.961124 0.028373 -0.274656 85.356018 0.000000 0.000000 0.000000 1.000000
1678710515300000000 -0.441067 0.042628 -0.896461 121.989952 -0.030659 0.997573 0.062521 6.267836 0.896950 0.055060 -0.438690 81.604767 0.000000 0.000000 0.000000 1.000000
1678710516100000000 -0.613368 -0.007882 -0.789758 130.637665 -0.062900 0.997261 0.038899 6.952609 0.787289 0.073535 -0.612184 76.323013 0.000000 0.000000 0.000000 1.000000
1678710516900000000 -0.713168 0.001468 -0.700991 138.521545 -0.035521 0.998637 0.038229 7.411503 0.700092 0.052163 -0.712144 69.685600 0.000000 0.000000 0.000000 1.000000
1678710518100000000 -0.744918 0.043378 -0.665744 149.092178 0.016063 0.998761 0.047103 8.454701 0.666963 0.024394 -0.744692 58.466377 0.000000 0.000000 0.000000 1.000000
1678710519200000000 -0.706925 -0.003099 -0.707281 158.650146 0.005483 0.999936 -0.009861 8.472375 0.707267 -0.010849 -0.706863 48.251118 0.000000 0.000000 0.000000 1.000000
1678710520000000000 -0.621493 -0.002342 -0.783417 166.254608 0.020675 0.999598 -0.019390 8.857183 0.783147 -0.028248 -0.621194 41.392971 0.000000 0.000000 0.000000 1.000000
1678710520700000000 -0.522262 -0.009700 -0.852730 173.618591 0.032309 0.998992 -0.031151 9.102164 0.852173 -0.043820 -0.521423 36.399349 0.000000 0.000000 0.000000 1.000000
1678710521400000000 -0.362797 -0.013824 -0.931766 181.267731 0.037197 0.998878 -0.029303 9.343343 0.931126 -0.045290 -0.361875 32.699173 0.000000 0.000000 0.000000 1.000000
1678710521700000000 -0.289928 -0.007471 -0.957019 184.673294 0.059474 0.997896 -0.025808 9.463290 0.955199 -0.064400 -0.288874 31.511747 0.000000 0.000000 0.000000 1.000000
1678710522700000000 0.062023 -0.014168 -0.997974 197.559128 0.081091 0.996665 -0.009110 9.798589 0.994775 -0.080361 0.062965 30.230450 0.000000 0.000000 0.000000 1.000000
1678710523100000000 0.186645 -0.012354 -0.982350 202.125580 0.072559 0.997363 0.001243 9.875464 0.979744 -0.071511 0.187049 30.845148 0.000000 0.000000 0.000000 1.000000
1678710524200000000 0.530149 -0.024685 -0.847545 213.878937 0.062934 0.997965 0.010300 10.080323 0.845566 -0.058800 0.530624 35.825397 0.000000 0.000000 0.000000 1.000000
1678710524900000000 0.723286 -0.035604 -0.689630 220.141785 0.060214 0.998118 0.011622 10.276001 0.687918 -0.049931 0.724069 40.872337 0.000000 0.000000 0.000000 1.000000
1678710525500000000 0.813724 -0.043101 -0.579651 224.780106 0.048719 0.998795 -0.005874 10.649845 0.579206 -0.023460 0.814844 46.312290 0.000000 0.000000 0.000000 1.000000
1678710526300000000 0.918967 -0.049202 -0.391254 228.939407 0.054837 0.998490 0.003234 11.027145 0.390504 -0.024427 0.920277 54.175468 0.000000 0.000000 0.000000 1.000000
1678710527400000000 0.977938 -0.063298 -0.199072 232.934082 0.069340 0.997316 0.023522 11.522326 0.197049 -0.036806 0.979702 67.437965 0.000000 0.000000 0.000000 1.000000
1678710528200000000 0.991175 -0.067745 -0.113939 234.498550 0.068022 0.997683 -0.001455 12.200447 0.113774 -0.006308 0.993487 77.977638 0.000000 0.000000 0.000000 1.000000
1678710529300000000 0.997901 -0.046927 -0.044629 235.676239 0.047464 0.998812 0.011055 13.384989 0.044057 -0.013150 0.998942 92.102074 0.000000 0.000000 0.000000 1.000000
1678710530000000000 0.998122 -0.053469 -0.029882 236.218002 0.053526 0.998566 0.001110 13.863364 0.029780 -0.002707 0.999553 101.428047 0.000000 0.000000 0.000000 1.000000
1678710530800000000 0.997051 -0.022414 -0.073398 236.923752 0.023674 0.999586 0.016343 14.380980 0.073001 -0.018032 0.997169 112.290932 0.000000 0.000000 0.000000 1.000000
1678710531500000000 0.997189 -0.034893 -0.066314 237.466888 0.034952 0.999389 -0.000271 14.992234 0.066283 -0.002047 0.997799 121.608788 0.000000 0.000000 0.000000 1.000000
1678710532500000000 0.997136 -0.073142 -0.019238 238.221405 0.073048 0.997313 -0.005550 15.654253 0.019593 0.004129 0.999800 135.100342 0.000000 0.000000 0.000000 1.000000
1678710533200000000 0.994062 -0.107095 -0.019245 238.541489 0.107385 0.994109 0.014681 15.827312 0.017560 -0.016660 0.999707 144.632721 0.000000 0.000000 0.000000 1.000000
1678710533900000000 0.996374 -0.079943 -0.029127 238.689651 0.080099 0.996778 0.004243 16.089039 0.028694 -0.006560 0.999567 153.222672 0.000000 0.000000 0.000000 1.000000
1678710534700000000 0.987625 -0.017144 -0.155895 239.680832 0.020100 0.999646 0.017404 16.417889 0.155542 -0.020322 0.987620 162.714218 0.000000 0.000000 0.000000 1.000000
1678710535400000000 0.944798 -0.006621 -0.327587 241.739563 0.016506 0.999488 0.027403 16.642023 0.327238 -0.031298 0.944423 170.661072 0.000000 0.000000 0.000000 1.000000
1678710536600000000 0.744892 0.054471 -0.664958 248.509903 0.012161 0.995388 0.095162 16.770340 0.667074 -0.078972 0.740794 181.585052 0.000000 0.000000 0.000000 1.000000
1678710537400000000 0.576130 0.084115 -0.813018 253.617111 0.015103 0.993425 0.113482 16.571829 0.817218 -0.077659 0.571072 186.195801 0.000000 0.000000 0.000000 1.000000
1678710538300000000 0.360484 0.113635 -0.925818 259.678070 0.003986 0.992355 0.123353 16.632954 0.932757 -0.048157 0.357275 189.605347 0.000000 0.000000 0.000000 1.000000
1678710539100000000 0.100394 0.137109 -0.985455 266.576263 0.015976 0.990110 0.139384 16.310194 0.994820 -0.029737 0.097210 191.124817 0.000000 0.000000 0.000000 1.000000
1678710540000000000 -0.164347 0.124548 -0.978508 273.638123 0.038916 0.992043 0.119734 16.565741 0.985635 -0.018402 -0.167887 190.752014 0.000000 0.000000 0.000000 1.000000
1678710540800000000 -0.410213 0.165823 -0.896788 281.210632 0.075264 0.986132 0.147916 16.386532 0.908879 -0.006819 -0.417005 187.868271 0.000000 0.000000 0.000000 1.000000
1678710541700000000 -0.573367 0.131751 -0.808636 288.388672 0.054830 0.990943 0.122577 16.927643 0.817462 0.025944 -0.575398 183.187195 0.000000 0.000000 0.000000 1.000000
1678710542500000000 -0.611587 0.100568 -0.784759 295.354095 0.023207 0.993742 0.109264 17.102894 0.790837 0.048613 -0.610094 178.313599 0.000000 0.000000 0.000000 1.000000
1678710543400000000 -0.633554 0.066611 -0.770825 302.806000 0.011953 0.997011 0.076333 17.662497 0.773606 0.039148 -0.632457 172.110458 0.000000 0.000000 0.000000 1.000000
1678710544200000000 -0.522632 0.054927 -0.850787 308.721771 0.018471 0.998418 0.053112 18.021194 0.852358 0.012043 -0.522819 168.117065 0.000000 0.000000 0.000000 1.000000
1678710545400000000 0.086697 0.049757 -0.994991 317.597473 0.055749 0.996945 0.054712 17.937433 0.994674 -0.060213 0.083658 165.824219 0.000000 0.000000 0.000000 1.000000
1678710546200000000 0.568781 0.026871 -0.822050 323.008270 0.074179 0.993717 0.083807 17.616920 0.819137 -0.108646 0.563215 168.152298 0.000000 0.000000 0.000000 1.000000
1678710547400000000 0.854616 0.000688 -0.519260 330.126312 0.014877 0.999556 0.025810 17.568476 0.519047 -0.029782 0.854227 176.348923 0.000000 0.000000 0.000000 1.000000
1678710548100000000 0.947705 -0.019779 -0.318533 333.015045 0.024071 0.999665 0.009542 17.564459 0.318238 -0.016710 0.947864 182.582474 0.000000 0.000000 0.000000 1.000000
1678710548700000000 0.997071 -0.023634 -0.072742 334.155518 0.024529 0.999634 0.011447 17.609362 0.072445 -0.013198 0.997285 188.375443 0.000000 0.000000 0.000000 1.000000
1678710549400000000 0.992411 -0.017847 0.121666 333.852814 0.021232 0.999421 -0.026590 17.696260 -0.121121 0.028972 0.992215 195.459152 0.000000 0.000000 0.000000 1.000000
1678710549700000000 0.982867 -0.019148 0.183320 333.446442 0.022480 0.999617 -0.016115 17.810568 -0.182941 0.019960 0.982921 198.309067 0.000000 0.000000 0.000000 1.000000
1678710550300000000 0.950778 -0.045136 0.306568 331.947906 0.059679 0.997485 -0.038225 17.992977 -0.304071 0.054639 0.951081 203.969559 0.000000 0.000000 0.000000 1.000000
1678710551000000000 0.879515 -0.062279 0.471779 329.372528 0.089612 0.995338 -0.035665 18.527159 -0.467358 0.073645 0.880995 210.649826 0.000000 0.000000 0.000000 1.000000
1678710551700000000 0.759641 -0.077894 0.645661 325.584167 0.138517 0.989400 -0.043606 19.032995 -0.635420 0.122560 0.762378 216.141296 0.000000 0.000000 0.000000 1.000000
1678710552300000000 0.715446 -0.062282 0.695887 321.558258 0.130207 0.990455 -0.045221 19.419712 -0.686428 0.122963 0.716727 220.488708 0.000000 0.000000 0.000000 1.000000
1678710553000000000 0.688990 -0.067773 0.721595 315.986938 0.126853 0.991526 -0.027996 19.980738 -0.713583 0.110825 0.691749 226.162689 0.000000 0.000000 0.000000 1.000000
1678710553400000000 0.681200 -0.067952 0.728937 312.416626 0.138165 0.989723 -0.036854 20.373394 -0.718941 0.125819 0.683588 229.470215 0.000000 0.000000 0.000000 1.000000
1678710554000000000 0.676740 -0.096166 0.729914 307.314575 0.155331 0.987765 -0.013878 20.778542 -0.719649 0.122770 0.683398 234.277145 0.000000 0.000000 0.000000 1.000000
1678710554700000000 0.659382 -0.075310 0.748026 300.819153 0.153120 0.987568 -0.035549 21.436651 -0.736050 0.137978 0.662716 240.202072 0.000000 0.000000 0.000000 1.000000
1678710555400000000 0.642938 -0.082103 0.761505 294.369873 0.169229 0.984894 -0.036691 22.161488 -0.746989 0.152459 0.647120 245.949158 0.000000 0.000000 0.000000 1.000000
1678710556200000000 0.627435 -0.061330 0.776250 286.498505 0.154757 0.986828 -0.047121 23.136854 -0.763135 0.149696 0.628662 252.530884 0.000000 0.000000 0.000000 1.000000
1678710556900000000 0.619902 -0.065494 0.781941 279.833740 0.159501 0.986224 -0.043844 23.960035 -0.768297 0.151900 0.621809 257.899384 0.000000 0.000000 0.000000 1.000000
1678710557600000000 0.644586 -0.029582 0.763959 273.630371 0.138892 0.987154 -0.078965 24.714172 -0.751810 0.157007 0.640415 263.104218 0.000000 0.000000 0.000000 1.000000
1678710558300000000 0.635639 -0.033505 0.771259 267.145355 0.132932 0.988885 -0.066598 25.481930 -0.760455 0.144858 0.633028 268.274353 0.000000 0.000000 0.000000 1.000000
1678710559100000000 0.640087 -0.050644 0.766631 259.026367 0.151688 0.986515 -0.061479 26.637608 -0.753179 0.155641 0.639138 275.108826 0.000000 0.000000 0.000000 1.000000
1678710559800000000 0.646632 -0.066995 0.759855 252.449417 0.144465 0.988864 -0.035753 27.335962 -0.748998 0.132891 0.649109 280.915070 0.000000 0.000000 0.000000 1.000000
1678710560500000000 0.637243 -0.072117 0.767281 246.256577 0.159370 0.986422 -0.039646 28.004002 -0.754004 0.147546 0.640084 286.093933 0.000000 0.000000 0.000000 1.000000
1678710561200000000 0.659568 -0.063005 0.748999 239.255188 0.150260 0.987419 -0.049259 29.143368 -0.736472 0.145034 0.660737 292.259705 0.000000 0.000000 0.000000 1.000000
1678710561900000000 0.697594 -0.079352 0.712085 233.059647 0.151977 0.987621 -0.038828 30.096836 -0.700189 0.135307 0.701018 298.231171 0.000000 0.000000 0.000000 1.000000
1678710562300000000 0.707611 -0.073530 0.702766 229.294281 0.145493 0.988421 -0.043078 30.612083 -0.691461 0.132729 0.710116 301.915710 0.000000 0.000000 0.000000 1.000000
1678710562700000000 0.723254 -0.087276 0.685045 225.762115 0.141474 0.989668 -0.023278 30.945927 -0.675935 0.113752 0.728129 305.549103 0.000000 0.000000 0.000000 1.000000
1678710563000000000 0.737874 -0.092022 0.668635 223.320236 0.168121 0.984496 -0.050038 31.255117 -0.653664 0.149333 0.741905 308.081451 0.000000 0.000000 0.000000 1.000000
1678710563700000000 0.759230 -0.097219 0.643521 217.554337 0.158685 0.986591 -0.038170 31.956728 -0.631181 0.131096 0.764476 314.811951 0.000000 0.000000 0.000000 1.000000
1678710564500000000 0.788916 -0.079965 0.609276 210.864319 0.139656 0.988884 -0.051045 32.826496 -0.598421 0.125359 0.791313 322.927765 0.000000 0.000000 0.000000 1.000000
1678710565100000000 0.820731 -0.064464 0.567667 205.722397 0.113673 0.992173 -0.051676 33.438602 -0.559893 0.106941 0.821635 329.903076 0.000000 0.000000 0.000000 1.000000
1678710565500000000 0.830416 -0.073386 0.552290 202.535522 0.115458 0.992435 -0.041731 33.864098 -0.545050 0.098421 0.832607 334.638184 0.000000 0.000000 0.000000 1.000000
1678710566100000000 0.852241 -0.058309 0.519890 197.750076 0.109101 0.991728 -0.067617 34.348164 -0.511647 0.114347 0.851553 342.301331 0.000000 0.000000 0.000000 1.000000
1678710566800000000 0.887507 -0.043607 0.458727 192.955994 0.081272 0.994719 -0.062679 34.883541 -0.453571 0.092910 0.886364 350.492401 0.000000 0.000000 0.000000 1.000000
1678710567500000000 0.914361 -0.044116 0.402489 188.830658 0.073773 0.995559 -0.058475 35.403450 -0.398122 0.083161 0.913555 359.045654 0.000000 0.000000 0.000000 1.000000
1678710568200000000 0.929516 -0.048484 0.365582 185.055054 0.073625 0.995761 -0.055137 35.831619 -0.361359 0.078166 0.929145 367.462158 0.000000 0.000000 0.000000 1.000000
1678710568500000000 0.936145 -0.030353 0.350302 183.595444 0.048696 0.997859 -0.043670 35.933071 -0.348226 0.057939 0.935618 371.043854 0.000000 0.000000 0.000000 1.000000
1678710569500000000 0.936381 -0.065903 0.344742 178.725922 0.082909 0.995949 -0.034807 36.201786 -0.341052 0.061175 0.938052 384.190979 0.000000 0.000000 0.000000 1.000000
1678710570200000000 0.951175 -0.065180 0.301692 175.924866 0.076292 0.996767 -0.025183 36.433769 -0.299075 0.046971 0.953073 392.611450 0.000000 0.000000 0.000000 1.000000
1678710570900000000 0.958637 -0.000360 0.284632 173.153717 0.019459 0.997742 -0.064276 36.617100 -0.283966 0.067156 0.956480 400.435699 0.000000 0.000000 0.000000 1.000000
1678710571600000000 0.956289 0.037198 0.290049 170.572540 -0.019429 0.997767 -0.063905 36.824501 -0.291778 0.055476 0.954876 408.114899 0.000000 0.000000 0.000000 1.000000
1678710572000000000 0.947866 0.038713 0.316308 168.864639 -0.022376 0.998229 -0.055121 36.866905 -0.317882 0.045169 0.947054 412.794708 0.000000 0.000000 0.000000 1.000000
1678710572400000000 0.957842 0.015918 0.286853 167.242874 -0.010381 0.999730 -0.020812 36.774330 -0.287107 0.016957 0.957748 417.596893 0.000000 0.000000 0.000000 1.000000
1678710573000000000 0.970067 -0.030004 0.240976 165.436600 0.036859 0.999032 -0.023990 36.674259 -0.240023 0.032154 0.970235 424.580872 0.000000 0.000000 0.000000 1.000000
1678710573700000000 0.982072 -0.031515 0.185854 163.656815 0.035095 0.999256 -0.016000 36.618328 -0.185212 0.022236 0.982447 433.601654 0.000000 0.000000 0.000000 1.000000
1678710574000000000 0.984748 -0.044821 0.168116 162.876328 0.050243 0.998341 -0.028136 36.585682 -0.166576 0.036153 0.985366 437.365417 0.000000 0.000000 0.000000 1.000000
1678710574700000000 0.986315 -0.064302 0.151815 161.506943 0.065713 0.997829 -0.004289 36.473240 -0.151209 0.014206 0.988400 446.803101 0.000000 0.000000 0.000000 1.000000
1678710575100000000 0.989387 -0.049004 0.136789 160.592148 0.051212 0.998607 -0.012667 36.418888 -0.135978 0.019538 0.990519 452.295380 0.000000 0.000000 0.000000 1.000000
1678710575800000000 0.988150 -0.055274 0.143191 159.392960 0.056545 0.998388 -0.004820 36.212299 -0.142694 0.012860 0.989683 461.384064 0.000000 0.000000 0.000000 1.000000
1678710576500000000 0.988177 -0.056911 0.142364 157.975800 0.051247 0.997754 0.043141 35.916637 -0.144499 -0.035335 0.988874 470.471863 0.000000 0.000000 0.000000 1.000000
1678710577200000000 0.986952 -0.044718 0.154683 156.400101 0.043472 0.998989 0.011432 35.492863 -0.155038 -0.004558 0.987898 479.466736 0.000000 0.000000 0.000000 1.000000
1678710577500000000 0.987575 -0.061605 0.144567 155.902069 0.060048 0.998081 0.015115 35.280930 -0.145221 -0.006247 0.989380 483.046967 0.000000 0.000000 0.000000 1.000000
1678710578200000000 0.990532 -0.056295 0.125212 154.596298 0.055059 0.998394 0.013318 34.847755 -0.125761 -0.006298 0.992041 492.035858 0.000000 0.000000 0.000000 1.000000
1678710579000000000 0.994247 -0.049665 0.094901 153.316162 0.049350 0.998765 0.005664 34.427238 -0.095066 -0.000948 0.995471 502.691223 0.000000 0.000000 0.000000 1.000000
1678710579700000000 0.994663 -0.056155 0.086562 152.476868 0.055674 0.998417 0.007962 34.001007 -0.086873 -0.003100 0.996215 511.250183 0.000000 0.000000 0.000000 1.000000
1678710580400000000 0.996445 -0.016354 0.082644 151.753998 0.015605 0.999831 0.009706 33.515575 -0.082789 -0.008382 0.996532 519.047729 0.000000 0.000000 0.000000 1.000000
1678710580800000000 0.997818 -0.017136 0.063765 151.410187 0.017313 0.999848 -0.002224 33.329876 -0.063717 0.003323 0.997962 523.742676 0.000000 0.000000 0.000000 1.000000
1678710581500000000 0.997020 -0.036546 0.067933 150.720123 0.035323 0.999193 0.019125 32.946316 -0.068577 -0.016669 0.997507 531.258606 0.000000 0.000000 0.000000 1.000000
1678710581900000000 0.997811 -0.033942 0.056759 150.404007 0.032960 0.999292 0.018148 32.763069 -0.057334 -0.016237 0.998223 535.417480 0.000000 0.000000 0.000000 1.000000
1678710582200000000 0.998782 -0.030923 0.038442 150.246002 0.030433 0.999449 0.013247 32.638515 -0.038831 -0.012061 0.999173 537.926208 0.000000 0.000000 0.000000 1.000000
1678710582900000000 0.998550 -0.051368 0.016073 150.087936 0.051391 0.998678 -0.001034 32.244694 -0.015999 0.001858 0.999870 544.157593 0.000000 0.000000 0.000000 1.000000
1678710583600000000 0.998511 -0.046799 0.028034 149.911606 0.046741 0.998903 0.002719 31.923716 -0.028131 -0.001404 0.999603 549.845276 0.000000 0.000000 0.000000 1.000000
1678710584400000000 0.999221 -0.013943 0.036910 149.623062 0.014922 0.999541 -0.026374 31.872736 -0.036526 0.026905 0.998970 555.204834 0.000000 0.000000 0.000000 1.000000
1678710585100000000 0.989489 -0.024296 0.142552 149.234116 0.027592 0.999395 -0.021187 31.869041 -0.141951 0.024897 0.989561 559.127075 0.000000 0.000000 0.000000 1.000000
1678710585800000000 0.901156 -0.004963 0.433466 148.022797 0.016607 0.999596 -0.023081 31.965366 -0.433176 0.027998 0.900874 562.644531 0.000000 0.000000 0.000000 1.000000
1678710586500000000 0.703250 0.008274 0.710894 145.585129 -0.026825 0.999529 0.014904 31.903582 -0.710436 -0.029551 0.703141 565.526184 0.000000 0.000000 0.000000 1.000000
1678710587200000000 0.510292 -0.009852 0.859945 142.443665 0.002115 0.999946 0.010200 32.011589 -0.859998 -0.003386 0.510285 567.928467 0.000000 0.000000 0.000000 1.000000
1678710588000000000 0.361699 -0.038892 0.931483 136.595871 -0.027842 0.998233 0.052490 31.563065 -0.931879 -0.044920 0.359977 570.246948 0.000000 0.000000 0.000000 1.000000
1678710588700000000 0.363327 -0.069969 0.929031 131.616592 -0.018407 0.996442 0.082245 31.198473 -0.931480 -0.046982 0.360746 572.198242 0.000000 0.000000 0.000000 1.000000
1678710589400000000 0.352277 -0.077682 0.932666 126.163902 -0.016549 0.995876 0.089197 30.873888 -0.935750 -0.046857 0.349538 574.270264 0.000000 0.000000 0.000000 1.000000
1678710590100000000 0.349122 -0.095383 0.932210 120.033340 -0.002491 0.994708 0.102710 30.614365 -0.937074 -0.038181 0.347037 576.628113 0.000000 0.000000 0.000000 1.000000
1678710590800000000 0.353484 -0.060561 0.933478 113.699608 0.012324 0.998117 0.060087 30.474722 -0.935359 -0.009735 0.353565 578.936768 0.000000 0.000000 0.000000 1.000000
1678710591100000000 0.365839 -0.071983 0.927890 111.221169 -0.004137 0.996869 0.078966 30.366077 -0.930669 -0.032728 0.364396 580.134521 0.000000 0.000000 0.000000 1.000000
1678710591500000000 0.356809 -0.080332 0.930717 107.437729 -0.009559 0.995930 0.089625 30.142107 -0.934128 -0.040876 0.354589 581.460327 0.000000 0.000000 0.000000 1.000000
1678710592200000000 0.355557 -0.082814 0.930978 101.101021 -0.003185 0.995954 0.089811 29.831915 -0.934649 -0.034898 0.353855 583.759583 0.000000 0.000000 0.000000 1.000000
1678710592600000000 0.352414 -0.066536 0.933476 97.366722 -0.006119 0.997284 0.073395 29.702656 -0.935824 -0.031577 0.351050 585.077271 0.000000 0.000000 0.000000 1.000000
1678710593300000000 0.353605 -0.063488 0.933238 91.220284 -0.010976 0.997344 0.072008 29.386080 -0.935331 -0.035705 0.351968 587.260193 0.000000 0.000000 0.000000 1.000000
1678710593900000000 0.346490 -0.053629 0.936520 86.488235 0.008875 0.998507 0.053895 29.152414 -0.938012 -0.010363 0.346448 588.997314 0.000000 0.000000 0.000000 1.000000
1678710594600000000 0.349577 -0.051335 0.935500 81.269798 0.017180 0.998681 0.048382 28.899008 -0.936750 -0.000841 0.349998 590.960205 0.000000 0.000000 0.000000 1.000000
1678710594900000000 0.343382 -0.050797 0.937821 79.342247 0.017692 0.998709 0.047617 28.827587 -0.939029 0.000241 0.343837 591.653320 0.000000 0.000000 0.000000 1.000000
1678710595600000000 0.361288 -0.061841 0.930401 74.958374 0.013177 0.998037 0.061220 28.603172 -0.932361 -0.009858 0.361394 593.376160 0.000000 0.000000 0.000000 1.000000
1678710596300000000 0.361288 -0.067801 0.929986 71.045967 0.035107 0.997635 0.059094 28.510605 -0.931793 0.011299 0.362814 594.953247 0.000000 0.000000 0.000000 1.000000
1678710596600000000 0.361114 -0.054380 0.930935 69.644028 0.022686 0.998515 0.049528 28.457832 -0.932246 0.003234 0.361811 595.478210 0.000000 0.000000 0.000000 1.000000
1678710597300000000 0.198355 -0.056400 0.978506 66.420578 0.030861 0.998207 0.051280 28.482149 -0.979644 0.020027 0.199740 596.313782 0.000000 0.000000 0.000000 1.000000
1678710598000000000 -0.150596 -0.057433 0.986926 63.220230 0.002377 0.998287 0.058456 28.693069 -0.988593 0.011149 -0.150202 596.235779 0.000000 0.000000 0.000000 1.000000
1678710598800000000 -0.616163 -0.074297 0.784106 59.300323 -0.031288 0.997064 0.069889 28.821253 -0.786997 0.018530 -0.616679 594.417786 0.000000 0.000000 0.000000 1.000000
1678710599100000000 -0.750480 -0.088519 0.654939 58.435448 -0.048058 0.995676 0.079503 28.989029 -0.659144 0.028190 -0.751488 593.193481 0.000000 0.000000 0.000000 1.000000
1678710599900000000 -0.919641 -0.070147 0.386445 55.394566 -0.052700 0.997063 0.055573 29.151655 -0.389208 0.030741 -0.920637 588.340149 0.000000 0.000000 0.000000 1.000000
1678710600600000000 -0.955344 -0.049280 0.291357 53.650772 -0.045497 0.998769 0.019749 29.153931 -0.291972 0.005611 -0.956410 583.301270 0.000000 0.000000 0.000000 1.000000
1678710601300000000 -0.972840 -0.056367 0.224511 52.539829 -0.048287 0.997978 0.041324 29.162323 -0.226386 0.029361 -0.973595 578.162598 0.000000 0.000000 0.000000 1.000000
1678710602000000000 -0.991466 -0.028310 0.127253 51.639816 -0.020811 0.997989 0.059882 29.571589 -0.128692 0.056723 -0.990061 572.420349 0.000000 0.000000 0.000000 1.000000
1678710602600000000 -0.997606 -0.047614 0.050154 51.277874 -0.044282 0.996864 0.065577 29.762993 -0.053119 0.063199 -0.996586 568.193909 0.000000 0.000000 0.000000 1.000000
1678710603400000000 -0.997594 -0.032547 -0.061215 51.336720 -0.035107 0.998533 0.041226 30.055332 0.059783 0.043275 -0.997273 561.632385 0.000000 0.000000 0.000000 1.000000
1678710604100000000 -0.989974 -0.022846 -0.139391 51.853001 -0.028706 0.998780 0.040170 30.265873 0.138303 0.043768 -0.989422 556.347717 0.000000 0.000000 0.000000 1.000000
1678710604400000000 -0.986340 -0.018968 -0.163624 52.299465 -0.024892 0.999104 0.034235 30.354029 0.162828 0.037841 -0.985929 554.195923 0.000000 0.000000 0.000000 1.000000
1678710605100000000 -0.973560 -0.007389 -0.228310 53.296047 -0.017863 0.998879 0.043847 30.526508 0.227730 0.046766 -0.972601 549.024902 0.000000 0.000000 0.000000 1.000000
1678710605800000000 -0.963052 -0.003482 -0.269292 54.823418 -0.012768 0.999382 0.032741 30.785517 0.269012 0.034970 -0.962502 543.226318 0.000000 0.000000 0.000000 1.000000
1678710606500000000 -0.959259 -0.005764 -0.282469 56.411217 -0.009562 0.999881 0.012067 30.988060 0.282366 0.014277 -0.959200 537.538086 0.000000 0.000000 0.000000 1.000000
1678710606900000000 -0.952881 0.003694 -0.303321 57.488560 0.002736 0.999990 0.003585 31.007427 0.303332 0.002586 -0.952882 534.283691 0.000000 0.000000 0.000000 1.000000
1678710607600000000 -0.943502 0.015515 -0.331003 59.452419 0.008536 0.999710 0.022526 31.027763 0.331256 0.018428 -0.943361 528.910278 0.000000 0.000000 0.000000 1.000000
1678710608300000000 -0.938373 0.011817 -0.345421 61.342773 0.003912 0.999714 0.023574 31.109314 0.345601 0.020770 -0.938152 523.537781 0.000000 0.000000 0.000000 1.000000
1678710609300000000 -0.939585 0.020879 -0.341678 63.909607 0.009367 0.999333 0.035309 31.136837 0.342187 0.029975 -0.939154 516.793823 0.000000 0.000000 0.000000 1.000000
1678710610000000000 -0.945154 0.025746 -0.325609 65.394470 0.006926 0.998244 0.058828 31.226303 0.326552 0.053346 -0.943673 512.695068 0.000000 0.000000 0.000000 1.000000
1678710610700000000 -0.943629 0.053042 -0.326728 66.950066 0.037177 0.997815 0.054616 31.344004 0.328911 0.039391 -0.943539 508.568573 0.000000 0.000000 0.000000 1.000000
1678710611400000000 -0.942719 0.085410 -0.322470 68.437180 0.077458 0.996293 0.037435 31.547497 0.324471 0.010313 -0.945839 504.341949 0.000000 0.000000 0.000000 1.000000
1678710612100000000 -0.948184 0.056789 -0.312606 69.864037 0.067092 0.997498 -0.022294 31.603645 0.310558 -0.042112 -0.949621 499.521942 0.000000 0.000000 0.000000 1.000000
1678710612800000000 -0.957994 0.046419 -0.283008 71.416527 0.048027 0.998845 0.001258 31.531223 0.282740 -0.012387 -0.959117 494.217407 0.000000 0.000000 0.000000 1.000000
1678710613600000000 -0.960748 0.045831 -0.273612 73.333450 0.052289 0.998498 -0.016354 31.345512 0.272452 -0.030019 -0.961701 487.965393 0.000000 0.000000 0.000000 1.000000
1678710614300000000 -0.965544 0.028616 -0.258661 75.024315 0.035740 0.999099 -0.022878 31.217121 0.257774 -0.031335 -0.965697 482.245605 0.000000 0.000000 0.000000 1.000000
1678710615000000000 -0.973982 0.000589 -0.226625 76.499596 0.006271 0.999684 -0.024353 31.167034 0.226539 -0.025140 -0.973678 476.209839 0.000000 0.000000 0.000000 1.000000
1678710615400000000 -0.974965 0.009961 -0.222134 77.472946 0.015165 0.999649 -0.021736 31.090799 0.221839 -0.024561 -0.974774 472.526337 0.000000 0.000000 0.000000 1.000000
1678710616100000000 -0.979779 0.006322 -0.199983 78.695839 0.010727 0.999723 -0.020950 30.870571 0.199795 -0.022671 -0.979575 466.196106 0.000000 0.000000 0.000000 1.000000
1678710616900000000 -0.981986 0.001086 -0.188953 80.391678 -0.001677 0.999894 0.014464 30.854700 0.188948 0.014520 -0.981880 458.465485 0.000000 0.000000 0.000000 1.000000
1678710618000000000 -0.988965 -0.001167 -0.148143 82.179176 0.000045 0.999967 -0.008179 30.559980 0.148147 -0.008096 -0.988932 447.672455 0.000000 0.000000 0.000000 1.000000
1678710618700000000 -0.993210 -0.003328 -0.116288 83.162903 -0.004159 0.999967 0.006911 30.450815 0.116261 0.007348 -0.993192 441.531860 0.000000 0.000000 0.000000 1.000000
1678710619500000000 -0.994546 -0.011231 -0.103691 84.116043 -0.011161 0.999937 -0.001258 30.287807 0.103698 -0.000094 -0.994609 432.536865 0.000000 0.000000 0.000000 1.000000
1678710620200000000 -0.996303 0.017464 -0.084121 84.778313 0.018125 0.999810 -0.007106 29.913628 0.083981 -0.008605 -0.996430 425.262482 0.000000 0.000000 0.000000 1.000000
1678710620900000000 -0.998174 0.016143 -0.058204 85.343994 0.016244 0.999867 -0.001271 29.647207 0.058176 -0.002215 -0.998304 418.382599 0.000000 0.000000 0.000000 1.000000
1678710621600000000 -0.999222 0.011773 -0.037650 85.634430 0.011749 0.999931 0.000867 29.457951 0.037658 0.000424 -0.999291 411.968018 0.000000 0.000000 0.000000 1.000000
1678710622300000000 -0.999124 0.008001 -0.041088 85.913284 0.006995 0.999673 0.024585 29.445978 0.041271 0.024276 -0.998853 405.493439 0.000000 0.000000 0.000000 1.000000
1678710623000000000 -0.999162 0.008126 -0.040107 86.217621 0.007624 0.999891 0.012651 29.256884 0.040206 0.012334 -0.999115 399.965790 0.000000 0.000000 0.000000 1.000000
1678710623700000000 -0.999553 0.022796 0.019357 86.390175 0.023640 0.998727 0.044561 29.200268 -0.018316 0.044998 -0.998819 395.069275 0.000000 0.000000 0.000000 1.000000
1678710624100000000 -0.995432 0.031513 0.090124 86.141273 0.033785 0.999146 0.023790 29.160421 -0.089297 0.026726 -0.995646 392.479279 0.000000 0.000000 0.000000 1.000000
1678710624900000000 -0.937796 0.048365 0.343802 85.150238 0.031117 0.997973 -0.055514 28.899719 -0.345790 -0.041363 -0.937400 388.127167 0.000000 0.000000 0.000000 1.000000
1678710626100000000 -0.494329 -0.005884 0.869255 80.795105 0.014948 0.999772 0.015268 29.114620 -0.869147 0.020541 -0.494128 383.380554 0.000000 0.000000 0.000000 1.000000
1678710627300000000 -0.007505 -0.046161 0.998906 73.695854 0.039547 0.998139 0.046423 29.225529 -0.999190 0.039852 -0.005665 382.200195 0.000000 0.000000 0.000000 1.000000
1678710628100000000 -0.029993 -0.069072 0.997161 67.814629 0.024902 0.997248 0.069828 29.372345 -0.999240 0.026926 -0.028190 382.193542 0.000000 0.000000 0.000000 1.000000
1678710628900000000 -0.203793 -0.052187 0.977622 61.491524 0.004697 0.998515 0.054282 29.426807 -0.979003 0.015655 -0.203245 381.484741 0.000000 0.000000 0.000000 1.000000
1678710630600000000 -0.602024 -0.043162 0.797311 48.785545 0.006426 0.998244 0.058892 29.755182 -0.798452 0.040578 -0.600689 375.306305 0.000000 0.000000 0.000000 1.000000
1678710631400000000 -0.686395 -0.011500 0.727138 43.250721 0.024746 0.998927 0.039158 29.897219 -0.726808 0.044871 -0.685374 370.541779 0.000000 0.000000 0.000000 1.000000
1678710632200000000 -0.701164 0.009352 0.712939 37.947975 0.054848 0.997659 0.040855 30.167175 -0.710888 0.067749 -0.700035 365.084595 0.000000 0.000000 0.000000 1.000000
1678710633000000000 -0.700279 -0.019705 0.713597 32.709507 0.013263 0.999087 0.040604 30.162193 -0.713746 0.037898 -0.699379 359.816284 0.000000 0.000000 0.000000 1.000000
1678710633700000000 -0.668653 -0.062653 0.740930 28.082901 -0.018119 0.997521 0.067999 30.318981 -0.743354 0.032043 -0.668131 355.675446 0.000000 0.000000 0.000000 1.000000
1678710634500000000 -0.587229 -0.050450 0.807847 22.360060 -0.007912 0.998366 0.056597 30.653145 -0.809382 0.026843 -0.586669 350.927948 0.000000 0.000000 0.000000 1.000000
1678710635100000000 -0.516415 -0.041134 0.855350 18.067709 -0.006451 0.999004 0.044148 30.748045 -0.856314 0.017281 -0.516166 348.194183 0.000000 0.000000 0.000000 1.000000
1678710635800000000 -0.422733 -0.045018 0.905136 12.362849 -0.036975 0.998791 0.032407 30.947536 -0.905500 -0.019767 -0.423886 344.998627 0.000000 0.000000 0.000000 1.000000
1678710636100000000 -0.359210 -0.027964 0.932838 9.916005 -0.023081 0.999511 0.021075 31.108940 -0.932971 -0.013960 -0.359680 343.790985 0.000000 0.000000 0.000000 1.000000
1678710636800000000 -0.218795 -0.012983 0.975684 3.433099 -0.012334 0.999868 0.010539 31.400944 -0.975693 -0.009728 -0.218926 341.916382 0.000000 0.000000 0.000000 1.000000
1678710637400000000 -0.106326 -0.018067 0.994167 -1.836147 -0.007519 0.999821 0.017365 31.638334 -0.994303 -0.005629 -0.106443 341.139282 0.000000 0.000000 0.000000 1.000000
1678710637800000000 -0.015276 -0.027084 0.999516 -6.188194 0.003786 0.999624 0.027145 31.797625 -0.999876 0.004199 -0.015167 340.874420 0.000000 0.000000 0.000000 1.000000
1678710638400000000 0.091590 -0.030063 0.995343 -11.235339 0.015546 0.999466 0.028757 31.928377 -0.995675 0.012839 0.092008 341.254120 0.000000 0.000000 0.000000 1.000000
1678710639100000000 0.223407 -0.045342 0.973670 -18.167299 0.028493 0.998794 0.039974 32.284996 -0.974309 0.018812 0.224430 342.447144 0.000000 0.000000 0.000000 1.000000
1678710639500000000 0.318384 -0.031421 0.947441 -22.103403 0.016210 0.999485 0.027699 32.463951 -0.947823 0.006539 0.318730 343.531372 0.000000 0.000000 0.000000 1.000000
1678710640200000000 0.450810 -0.028351 0.892170 -28.425220 -0.011076 0.999241 0.037350 32.607189 -0.892551 -0.026719 0.450154 346.085907 0.000000 0.000000 0.000000 1.000000
1678710640500000000 0.499030 -0.026249 0.866187 -30.829575 -0.014282 0.999156 0.038507 32.677357 -0.866467 -0.031587 0.498234 347.350220 0.000000 0.000000 0.000000 1.000000
1678710641200000000 0.626224 -0.013255 0.779530 -36.675079 -0.020856 0.999213 0.033746 32.759674 -0.779364 -0.037391 0.625455 351.304688 0.000000 0.000000 0.000000 1.000000
1678710641600000000 0.686600 -0.006254 0.727009 -40.045033 -0.026737 0.999069 0.033845 32.818310 -0.726544 -0.042676 0.685794 354.248169 0.000000 0.000000 0.000000 1.000000
1678710642300000000 0.785227 -0.006249 0.619177 -45.497589 -0.026308 0.998709 0.043443 32.764645 -0.618649 -0.050402 0.784049 360.098663 0.000000 0.000000 0.000000 1.000000
1678710642600000000 0.812533 0.000584 0.582914 -47.452904 -0.038281 0.997894 0.052361 32.739017 -0.581656 -0.064859 0.810845 362.567871 0.000000 0.000000 0.000000 1.000000
1678710643300000000 0.849708 -0.019208 0.526904 -51.849144 -0.025627 0.996650 0.077660 32.656620 -0.526631 -0.079492 0.846369 369.224030 0.000000 0.000000 0.000000 1.000000
1678710643600000000 0.863254 -0.002763 0.504761 -53.711617 -0.034999 0.997251 0.065314 32.611923 -0.503554 -0.074049 0.860784 372.113617 0.000000 0.000000 0.000000 1.000000
1678710644300000000 0.869132 -0.019044 0.494214 -57.839775 -0.019356 0.997183 0.072466 32.350697 -0.494202 -0.072548 0.866315 379.528351 0.000000 0.000000 0.000000 1.000000
1678710644600000000 0.869096 -0.032116 0.493599 -59.345879 -0.002533 0.997588 0.069368 32.308849 -0.494636 -0.061538 0.866919 382.380463 0.000000 0.000000 0.000000 1.000000
1678710645300000000 0.866365 -0.043844 0.497484 -63.579052 0.013190 0.997800 0.064968 31.992353 -0.499238 -0.049724 0.865037 389.774200 0.000000 0.000000 0.000000 1.000000
1678710646000000000 0.872018 -0.046755 0.487235 -67.836548 0.019313 0.997939 0.061197 31.961252 -0.489092 -0.043955 0.871124 397.582550 0.000000 0.000000 0.000000 1.000000
1678710646400000000 0.879480 -0.022014 0.475426 -70.408356 -0.003149 0.998639 0.052067 31.829067 -0.475925 -0.047289 0.878213 402.108734 0.000000 0.000000 0.000000 1.000000
1678710647100000000 0.887152 -0.035793 0.460087 -74.610542 0.006905 0.997906 0.064318 31.625576 -0.461425 -0.053883 0.885541 409.906738 0.000000 0.000000 0.000000 1.000000
1678710647800000000 0.887196 -0.053571 0.458273 -78.608551 0.001827 0.993637 0.112617 31.362608 -0.461390 -0.099076 0.881648 417.759003 0.000000 0.000000 0.000000 1.000000
1678710648500000000 0.887864 -0.053814 0.456947 -82.629333 0.004525 0.994110 0.108282 31.096348 -0.460083 -0.094072 0.882878 425.468414 0.000000 0.000000 0.000000 1.000000
1678710649100000000 0.882707 -0.051968 0.467041 -86.152962 0.010918 0.995866 0.090175 30.897917 -0.469796 -0.074499 0.879626 432.224640 0.000000 0.000000 0.000000 1.000000
1678710649500000000 0.888365 -0.040784 0.457323 -88.457710 0.005803 0.996965 0.077636 30.783136 -0.459101 -0.066315 0.885905 436.695221 0.000000 0.000000 0.000000 1.000000
1678710650100000000 0.892042 -0.038080 0.450345 -91.800110 -0.006926 0.995175 0.097869 30.487074 -0.451899 -0.090422 0.887475 443.099762 0.000000 0.000000 0.000000 1.000000
1678710650800000000 0.894537 -0.020168 0.446539 -95.822021 -0.025183 0.995121 0.095392 30.111780 -0.446284 -0.096577 0.889665 450.902832 0.000000 0.000000 0.000000 1.000000
1678710651500000000 0.890749 -0.016466 0.454198 -99.837784 -0.033494 0.994248 0.101729 29.896368 -0.453261 -0.105828 0.885074 458.414581 0.000000 0.000000 0.000000 1.000000
1678710651800000000 0.892793 -0.010998 0.450333 -101.386620 -0.044895 0.992552 0.113246 29.793293 -0.448224 -0.121323 0.885650 461.508514 0.000000 0.000000 0.000000 1.000000
1678710652500000000 0.869711 0.002893 0.493553 -105.023064 -0.052110 0.994932 0.085993 29.443390 -0.490803 -0.100508 0.865454 468.321381 0.000000 0.000000 0.000000 1.000000
1678710653600000000 0.896622 0.003472 0.442784 -111.187202 -0.046591 0.995158 0.086542 28.958061 -0.440339 -0.098225 0.892442 479.748962 0.000000 0.000000 0.000000 1.000000
1678710654000000000 0.897484 -0.021694 0.440514 -113.292351 -0.020810 0.995594 0.091428 28.842411 -0.440556 -0.091222 0.893078 483.889587 0.000000 0.000000 0.000000 1.000000
1678710654700000000 0.903154 -0.057256 0.425481 -116.697525 0.009988 0.993601 0.112504 28.678625 -0.429200 -0.097358 0.897947 490.774292 0.000000 0.000000 0.000000 1.000000
1678710655400000000 0.917039 -0.034506 0.397301 -119.885223 -0.005499 0.995061 0.099116 28.484955 -0.398759 -0.093078 0.912320 497.717163 0.000000 0.000000 0.000000 1.000000
1678710656100000000 0.934522 -0.010919 0.355738 -122.716263 -0.028040 0.994163 0.104178 28.111843 -0.354799 -0.107331 0.928761 504.472504 0.000000 0.000000 0.000000 1.000000
1678710656800000000 0.950825 -0.029044 0.308363 -125.098969 -0.005652 0.993801 0.111031 27.846020 -0.309676 -0.107314 0.944767 511.320190 0.000000 0.000000 0.000000 1.000000
1678710657500000000 0.949341 -0.031318 0.312682 -127.446297 -0.003077 0.994047 0.108905 27.554468 -0.314231 -0.104350 0.943594 518.081238 0.000000 0.000000 0.000000 1.000000
1678710658200000000 0.943966 -0.029859 0.328688 -129.903137 -0.014952 0.991007 0.132969 27.179688 -0.329703 -0.130433 0.935031 524.950012 0.000000 0.000000 0.000000 1.000000
1678710658500000000 0.940224 -0.028122 0.339393 -130.876282 -0.003253 0.995798 0.091523 27.055944 -0.340540 -0.087156 0.936182 527.517822 0.000000 0.000000 0.000000 1.000000
