1678710495099999904 1.000000 0.000000 -0.000000 -0.000000 0.000000 1.000000 0.000000 0.000000 0.000000 -0.000000 1.000000 0.000000 0.000000 0.000000 0.000000 1.000000
1678710495200000047 0.999987 0.004886 -0.001223 0.094212 -0.004885 0.999988 0.000275 0.023982 0.001224 -0.000269 0.999999 1.763887 0.000000 0.000000 0.000000 1.000000
1678710495799999952 0.999477 0.032338 -0.000874 0.633168 -0.032336 0.999473 0.002765 0.050598 0.000963 -0.002736 0.999996 6.319610 0.000000 0.000000 0.000000 1.000000
1678710496400000095 0.999418 0.033806 -0.004487 0.304141 -0.033814 0.999427 -0.001626 0.130159 0.004429 0.001776 0.999989 15.290297 0.000000 0.000000 0.000000 1.000000
1678710497099999904 0.999459 0.032351 -0.005968 -0.097156 -0.032364 0.999474 -0.002111 0.197258 0.005896 0.002303 0.999980 25.386091 0.000000 0.000000 0.000000 1.000000
1678710497700000047 0.999574 0.028693 -0.005254 -0.410848 -0.028706 0.999585 -0.002307 0.264507 0.005186 0.002457 0.999984 33.670738 0.000000 0.000000 0.000000 1.000000
1678710498400000095 0.999949 0.007616 -0.006650 -0.642276 -0.007628 0.999969 -0.001714 0.330408 0.006637 0.001765 0.999976 42.509090 0.000000 0.000000 0.000000 1.000000
1678710499000000000 0.998952 -0.044969 -0.008543 -0.629975 0.044877 0.998936 -0.010650 0.380539 0.009013 0.010256 0.999907 49.610367 0.000000 0.000000 0.000000 1.000000
1678710499500000000 0.990699 -0.135672 -0.010394 -0.174479 0.135510 0.990663 -0.014949 0.407070 0.012325 0.013402 0.999834 55.195686 0.000000 0.000000 0.000000 1.000000
1678710500200000047 0.951530 -0.307121 -0.016365 1.456844 0.307334 0.951519 0.012577 0.409214 0.011709 -0.016997 0.999787 62.389793 0.000000 0.000000 0.000000 1.000000
1678710500799999952 0.875963 -0.482224 -0.012233 3.806076 0.482376 0.875594 0.025476 0.397320 -0.001574 -0.028217 0.999601 67.732643 0.000000 0.000000 0.000000 1.000000
1678710501299999952 0.772432 -0.635037 -0.008742 6.415949 0.635097 0.772373 0.009547 0.364313 0.000689 -0.012926 0.999916 71.647812 0.000000 0.000000 0.000000 1.000000
1678710501900000095 0.618756 -0.785564 -0.005450 10.348731 0.785576 0.618707 0.008496 0.363244 -0.003302 -0.009539 0.999949 75.455582 0.000000 0.000000 0.000000 1.000000
1678710502500000000 0.431352 -0.902070 0.014334 15.022749 0.902183 0.431318 -0.005545 0.447003 -0.001180 0.015324 0.999882 78.392456 0.000000 0.000000 0.000000 1.000000
1678710503099999904 0.216654 -0.976172 0.012182 20.399811 0.975962 0.216271 -0.026933 0.553487 0.023656 0.017724 0.999563 80.250595 0.000000 0.000000 0.000000 1.000000
1678710503700000047 0.025261 -0.999404 0.023531 26.216879 0.999655 0.025084 -0.007800 0.691490 0.007205 0.023720 0.999693 80.829521 0.000000 0.000000 0.000000 1.000000
1678710504200000047 -0.059502 -0.997819 0.028576 31.097517 0.998228 -0.059481 0.001568 0.818340 0.000135 0.028618 0.999590 80.676926 0.000000 0.000000 0.000000 1.000000
1678710504799999952 -0.085817 -0.995019 0.050723 37.129654 0.996242 -0.085101 0.016129 1.075410 -0.011732 0.051916 0.998583 80.200836 0.000000 0.000000 0.000000 1.000000
1678710505400000095 -0.098771 -0.993503 0.056527 43.243343 0.995036 -0.097909 0.017831 1.425484 -0.012181 0.058008 0.998242 79.628120 0.000000 0.000000 0.000000 1.000000
1678710505799999952 -0.109347 -0.991589 0.069245 47.399731 0.994003 -0.109025 0.008429 1.688702 -0.000809 0.069751 0.997564 79.207550 0.000000 0.000000 0.000000 1.000000
1678710506299999952 -0.120096 -0.990589 0.065646 52.697041 0.992757 -0.120056 0.004581 2.051732 0.003343 0.065721 0.997832 78.625000 0.000000 0.000000 0.000000 1.000000
1678710506799999952 -0.120813 -0.990291 0.068761 58.073647 0.992561 -0.121558 -0.006740 2.431679 0.015033 0.067435 0.997610 78.027039 0.000000 0.000000 0.000000 1.000000
1678710507500000000 -0.120892 -0.991169 0.054497 65.797859 0.992666 -0.120721 0.006423 2.920971 0.000213 0.054874 0.998493 77.077644 0.000000 0.000000 0.000000 1.000000
1678710508000000000 -0.118412 -0.991471 0.054449 71.453682 0.992964 -0.118278 0.005687 3.261594 0.000802 0.054739 0.998500 76.423058 0.000000 0.000000 0.000000 1.000000
1678710508400000095 -0.117034 -0.991235 0.061285 76.039627 0.993121 -0.117047 0.003386 3.538438 0.003817 0.061260 0.998115 75.900711 0.000000 0.000000 0.000000 1.000000
1678710508799999952 -0.116460 -0.991425 0.059275 80.708733 0.993183 -0.116550 0.001951 3.815455 0.004974 0.059098 0.998240 75.372421 0.000000 0.000000 0.000000 1.000000
1678710509099999904 -0.115180 -0.991885 0.053830 84.265366 0.993334 -0.115257 0.001691 4.029564 0.004527 0.053666 0.998549 74.967636 0.000000 0.000000 0.000000 1.000000
1678710509599999904 -0.110645 -0.992497 0.052037 90.277542 0.993859 -0.110426 0.007065 4.373554 -0.001265 0.052499 0.998620 74.296661 0.000000 0.000000 0.000000 1.000000
1678710509900000095 -0.106184 -0.993041 0.050940 93.945801 0.994346 -0.106068 0.004972 4.568357 0.000466 0.051180 0.998689 73.927780 0.000000 0.000000 0.000000 1.000000
1678710510500000000 -0.104463 -0.993272 0.049989 101.396667 0.994451 -0.104951 -0.007241 4.977144 0.012438 0.048956 0.998724 73.206192 0.000000 0.000000 0.000000 1.000000
1678710511000000000 -0.114823 -0.992465 0.042763 107.715340 0.993219 -0.115485 -0.013355 5.303998 0.018193 0.040940 0.998996 72.553413 0.000000 0.000000 0.000000 1.000000
1678710511500000000 -0.152656 -0.987278 0.044473 113.925217 0.988018 -0.153497 -0.016119 5.631289 0.022741 0.041479 0.998881 71.786537 0.000000 0.000000 0.000000 1.000000
1678710512000000000 -0.226702 -0.972752 0.048580 120.004608 0.973753 -0.227410 -0.009491 5.958521 0.020280 0.045154 0.998774 70.626411 0.000000 0.000000 0.000000 1.000000
1678710512400000095 -0.288963 -0.956255 0.045561 124.729744 0.956726 -0.290155 -0.022027 6.221927 0.034283 0.037224 0.998719 69.429817 0.000000 0.000000 0.000000 1.000000
1678710512799999952 -0.346322 -0.936700 0.051513 129.301758 0.937286 -0.347803 -0.022994 6.495160 0.039455 0.040320 0.998408 67.901924 0.000000 0.000000 0.000000 1.000000
1678710513099999904 -0.389933 -0.919373 0.052022 132.646210 0.919805 -0.391553 -0.025384 6.696021 0.043707 0.037952 0.998323 66.604523 0.000000 0.000000 0.000000 1.000000
1678710513400000095 -0.433936 -0.899052 0.058361 135.907990 0.899812 -0.435726 -0.021922 6.909918 0.045138 0.043001 0.998055 65.134903 0.000000 0.000000 0.000000 1.000000
1678710513900000095 -0.510269 -0.857699 0.063069 141.271683 0.858226 -0.512564 -0.026957 7.307369 0.055448 0.040373 0.997645 62.292934 0.000000 0.000000 0.000000 1.000000
1678710514299999952 -0.573470 -0.816477 0.067059 145.453583 0.816721 -0.576195 -0.031081 7.636923 0.064016 0.036945 0.997265 59.663643 0.000000 0.000000 0.000000 1.000000
1678710514799999952 -0.648393 -0.758517 0.065109 150.444580 0.758254 -0.651078 -0.033902 8.052033 0.068106 0.027388 0.997302 55.873142 0.000000 0.000000 0.000000 1.000000
1678710515099999904 -0.695675 -0.715537 0.063588 153.303009 0.714641 -0.698352 -0.039913 8.305855 0.072966 0.017676 0.997178 53.322048 0.000000 0.000000 0.000000 1.000000
1678710515500000000 -0.763393 -0.642684 0.064725 156.848450 0.641088 -0.766103 -0.045735 8.641794 0.078979 0.006581 0.996855 49.602669 0.000000 0.000000 0.000000 1.000000
1678710516000000000 -0.837000 -0.542335 0.072825 160.701553 0.541230 -0.840110 -0.035864 9.114678 0.080631 0.009397 0.996700 44.462650 0.000000 0.000000 0.000000 1.000000
1678710516299999952 -0.871963 -0.484043 0.073372 162.692673 0.483216 -0.874993 -0.029814 9.402854 0.078632 0.009458 0.996859 41.156445 0.000000 0.000000 0.000000 1.000000
1678710516700000047 -0.904982 -0.418162 0.078412 165.044540 0.417079 -0.908358 -0.030501 9.828009 0.083980 0.005101 0.996454 36.575050 0.000000 0.000000 0.000000 1.000000
1678710517200000047 -0.932453 -0.354626 0.069079 167.566986 0.353128 -0.934985 -0.033227 10.330876 0.076371 -0.006589 0.997058 30.633562 0.000000 0.000000 0.000000 1.000000
1678710517799999952 -0.944735 -0.320889 0.067128 170.188797 0.319289 -0.947061 -0.033625 10.923174 0.074364 -0.010334 0.997178 23.376770 0.000000 0.000000 0.000000 1.000000
1678710518500000000 -0.946147 -0.313939 0.079041 173.089645 0.311537 -0.949331 -0.041408 11.630916 0.088035 -0.014554 0.996011 14.795568 0.000000 0.000000 0.000000 1.000000
1678710519099999904 -0.937526 -0.340826 0.069874 175.629639 0.338330 -0.939939 -0.045253 12.255152 0.081100 -0.018785 0.996529 7.566604 0.000000 0.000000 0.000000 1.000000
1678710519500000000 -0.923936 -0.376255 0.069097 177.452774 0.374170 -0.926432 -0.041472 12.641096 0.079618 -0.012464 0.996748 2.844423 0.000000 0.000000 0.000000 1.000000
1678710519900000095 -0.900752 -0.429143 0.066949 179.534180 0.427341 -0.903206 -0.039972 13.021544 0.077623 -0.007395 0.996955 -1.829970 0.000000 0.000000 0.000000 1.000000
1678710520400000095 -0.865362 -0.497934 0.056649 182.468811 0.497226 -0.867201 -0.026987 13.471269 0.062564 0.004814 0.998029 -7.405943 0.000000 0.000000 0.000000 1.000000
1678710520799999952 -0.823696 -0.564820 0.050032 185.096161 0.564757 -0.825087 -0.016749 13.789030 0.050741 0.014460 0.998607 -11.620988 0.000000 0.000000 0.000000 1.000000
1678710521200000047 -0.770692 -0.635718 0.043545 188.042938 0.636022 -0.771627 -0.008259 14.067668 0.038851 0.021330 0.999017 -15.531972 0.000000 0.000000 0.000000 1.000000
1678710521599999904 -0.699945 -0.712858 0.043724 191.281754 0.713378 -0.700762 -0.004989 14.333804 0.034197 0.027700 0.999031 -19.067371 0.000000 0.000000 0.000000 1.000000
1678710522000000000 -0.618535 -0.784602 0.042594 194.836884 0.785029 -0.619386 -0.009474 14.573233 0.033816 0.027578 0.999048 -22.151781 0.000000 0.000000 0.000000 1.000000
1678710522400000095 -0.519455 -0.853554 0.040145 198.686859 0.854096 -0.520078 -0.006242 14.811138 0.026206 0.031045 0.999174 -24.839678 0.000000 0.000000 0.000000 1.000000
1678710522799999952 -0.405238 -0.913473 0.036725 202.801605 0.913999 -0.405683 -0.005248 15.015265 0.019693 0.031440 0.999312 -26.966513 0.000000 0.000000 0.000000 1.000000
1678710523200000047 -0.276138 -0.960546 0.033150 207.166794 0.961087 -0.276241 0.001523 15.218746 0.007695 0.032280 0.999449 -28.560463 0.000000 0.000000 0.000000 1.000000
1678710523700000047 -0.100383 -0.994562 0.027744 212.913223 0.994931 -0.100172 0.008873 15.440709 -0.006046 0.028494 0.999576 -29.658686 0.000000 0.000000 0.000000 1.000000
1678710524099999904 0.035038 -0.998973 0.028710 217.546906 0.999335 0.035313 0.009121 15.609508 -0.010126 0.028371 0.999546 -29.769897 0.000000 0.000000 0.000000 1.000000
1678710524500000000 0.159658 -0.986765 0.028364 222.176071 0.986970 0.160140 0.015631 15.773798 -0.019966 0.025499 0.999475 -29.280542 0.000000 0.000000 0.000000 1.000000
1678710525000000000 0.308669 -0.950635 0.031888 227.862259 0.950345 0.309624 0.031267 15.987785 -0.039596 0.020653 0.999002 -27.897789 0.000000 0.000000 0.000000 1.000000
1678710525500000000 0.450716 -0.891726 0.040987 233.383667 0.891152 0.452151 0.037519 16.234810 -0.051989 0.019616 0.998455 -25.607241 0.000000 0.000000 0.000000 1.000000
1678710526000000000 0.573985 -0.817639 0.044804 238.541351 0.816802 0.575563 0.039530 16.522596 -0.058108 0.013906 0.998213 -22.467247 0.000000 0.000000 0.000000 1.000000
1678710526500000000 0.660773 -0.749436 0.041525 243.285172 0.748157 0.662073 0.043810 16.823050 -0.060326 0.002119 0.998176 -18.675840 0.000000 0.000000 0.000000 1.000000
1678710527000000000 0.735387 -0.676443 0.040383 247.693451 0.674843 0.736458 0.047076 17.108244 -0.061584 -0.007367 0.998075 -14.313657 0.000000 0.000000 0.000000 1.000000
1678710527599999904 0.805247 -0.591379 0.042984 252.493866 0.589410 0.806246 0.050622 17.478498 -0.064593 -0.015428 0.997792 -8.420676 0.000000 0.000000 0.000000 1.000000
1678710528299999952 0.849969 -0.525049 0.043313 257.498810 0.522416 0.850613 0.059486 17.905685 -0.068075 -0.027934 0.997289 -0.824494 0.000000 0.000000 0.000000 1.000000
1678710528900000095 0.864526 -0.500996 0.039964 261.580170 0.498011 0.864648 0.066097 18.270096 -0.067669 -0.037240 0.997013 6.041724 0.000000 0.000000 0.000000 1.000000
1678710529500000000 0.873004 -0.486175 0.038695 265.500244 0.483587 0.873188 0.060714 18.621735 -0.063306 -0.034291 0.997405 13.030533 0.000000 0.000000 0.000000 1.000000
1678710529900000095 0.873886 -0.484255 0.042657 268.058899 0.481921 0.874500 0.054778 18.874941 -0.063830 -0.027313 0.997587 17.723358 0.000000 0.000000 0.000000 1.000000
1678710530200000047 0.874354 -0.483749 0.038632 269.985565 0.481340 0.874621 0.057875 19.064520 -0.061785 -0.032008 0.997576 21.232500 0.000000 0.000000 0.000000 1.000000
1678710530700000047 0.874685 -0.483120 0.039004 273.223389 0.480413 0.874821 0.062383 19.361547 -0.064260 -0.035828 0.997290 27.126471 0.000000 0.000000 0.000000 1.000000
1678710531200000047 0.875098 -0.482542 0.036831 276.505676 0.479916 0.875096 0.062358 19.640228 -0.062322 -0.036894 0.997374 33.106285 0.000000 0.000000 0.000000 1.000000
1678710531500000000 0.875646 -0.481790 0.033497 278.474457 0.479467 0.875551 0.059347 19.810884 -0.057921 -0.035906 0.997675 36.742199 0.000000 0.000000 0.000000 1.000000
1678710531900000095 0.876521 -0.480646 0.026279 281.118042 0.478688 0.876097 0.057540 20.001287 -0.050679 -0.037856 0.997997 41.596107 0.000000 0.000000 0.000000 1.000000
1678710532200000047 0.878736 -0.476837 0.021196 283.070190 0.475011 0.877997 0.059044 20.134441 -0.046764 -0.041816 0.998030 45.207787 0.000000 0.000000 0.000000 1.000000
1678710532500000000 0.882484 -0.469916 0.020040 284.965698 0.468222 0.881748 0.057345 20.270977 -0.044618 -0.041223 0.998153 48.756863 0.000000 0.000000 0.000000 1.000000
1678710532900000095 0.888763 -0.458201 0.012336 287.415649 0.456780 0.887603 0.059262 20.411423 -0.038103 -0.047035 0.998166 53.462742 0.000000 0.000000 0.000000 1.000000
1678710533299999952 0.893563 -0.448750 0.012994 289.728638 0.447357 0.892469 0.058055 20.538490 -0.037649 -0.046063 0.998229 58.066551 0.000000 0.000000 0.000000 1.000000
1678710533799999952 0.890536 -0.454267 0.024250 292.481689 0.452722 0.890212 0.050654 20.724422 -0.044598 -0.034131 0.998422 63.626232 0.000000 0.000000 0.000000 1.000000
1678710534099999904 0.879447 -0.475363 0.024557 294.172882 0.474259 0.879474 0.040047 20.848614 -0.040634 -0.023573 0.998896 66.909363 0.000000 0.000000 0.000000 1.000000
1678710534700000047 0.836461 -0.547756 0.017211 297.836792 0.546934 0.836365 0.036834 21.051224 -0.034571 -0.021397 0.999173 73.161819 0.000000 0.000000 0.000000 1.000000
1678710535299999952 0.753092 -0.657771 0.013773 302.172668 0.657441 0.753178 0.022228 21.231251 -0.024994 -0.007685 0.999658 79.026314 0.000000 0.000000 0.000000 1.000000
1678710535900000095 0.622745 -0.782355 0.010476 307.195770 0.782339 0.622819 0.006481 21.388655 -0.011595 0.004160 0.999924 83.956192 0.000000 0.000000 0.000000 1.000000
1678710536500000000 0.446408 -0.894806 0.006497 312.898102 0.894829 0.446389 -0.004263 21.516502 0.000915 0.007717 0.999970 87.667328 0.000000 0.000000 0.000000 1.000000
1678710537099999904 0.249201 -0.968420 0.007920 319.040436 0.968395 0.249089 -0.012879 21.626116 0.010499 0.010879 0.999886 90.023232 0.000000 0.000000 0.000000 1.000000
1678710537599999904 0.072540 -0.997254 0.014912 324.387909 0.997106 0.072172 -0.023907 21.715286 0.022765 0.016603 0.999603 90.944748 0.000000 0.000000 0.000000 1.000000
1678710538200000047 -0.143378 -0.989554 0.015023 330.768127 0.988978 -0.143828 -0.035154 21.853720 0.036947 0.009817 0.999269 90.750954 0.000000 0.000000 0.000000 1.000000
1678710538799999952 -0.356977 -0.934053 0.010608 336.914948 0.932920 -0.357072 -0.046474 21.982821 0.047197 -0.006694 0.998863 89.196114 0.000000 0.000000 0.000000 1.000000
1678710539400000095 -0.552679 -0.833255 0.015238 342.567749 0.831750 -0.552645 -0.052687 22.097975 0.052323 -0.016445 0.998495 86.332344 0.000000 0.000000 0.000000 1.000000
1678710540000000000 -0.729392 -0.683426 0.030279 347.600159 0.680890 -0.729542 -0.064481 22.280949 0.066158 -0.026416 0.997459 82.128242 0.000000 0.000000 0.000000 1.000000
1678710540599999904 -0.866891 -0.496874 0.040203 351.627533 0.493949 -0.867052 -0.065076 22.569365 0.067193 -0.036556 0.997070 76.769211 0.000000 0.000000 0.000000 1.000000
1678710541000000000 -0.930091 -0.365396 0.037637 353.524200 0.362656 -0.929717 -0.064086 22.767612 0.058409 -0.045957 0.997234 72.808426 0.000000 0.000000 0.000000 1.000000
1678710541500000000 -0.971922 -0.229447 0.052164 355.069000 0.226681 -0.972474 -0.053952 23.079239 0.063107 -0.040613 0.997180 67.638596 0.000000 0.000000 0.000000 1.000000
1678710542099999904 -0.985810 -0.158858 0.054248 356.261658 0.156468 -0.986621 -0.045797 23.458193 0.060798 -0.036659 0.997477 61.264606 0.000000 0.000000 0.000000 1.000000
1678710542799999952 -0.993270 -0.102360 0.054200 357.276672 0.100062 -0.994028 -0.043551 23.935463 0.058334 -0.037834 0.997580 53.749706 0.000000 0.000000 0.000000 1.000000
1678710543400000095 -0.994092 -0.096280 0.050117 357.835022 0.094971 -0.995090 -0.027868 24.335489 0.052554 -0.022944 0.998354 47.519852 0.000000 0.000000 0.000000 1.000000
1678710544000000000 -0.985480 -0.163584 0.045501 358.578125 0.162288 -0.986260 -0.030867 24.707104 0.049926 -0.023035 0.998487 41.760555 0.000000 0.000000 0.000000 1.000000
1678710544599999904 -0.939919 -0.338972 0.040628 359.810486 0.338069 -0.940718 -0.027551 25.002907 0.047559 -0.012161 0.998794 36.884579 0.000000 0.000000 0.000000 1.000000
1678710545400000095 -0.697452 -0.716545 -0.011110 363.161804 0.715745 -0.695735 -0.060511 25.188883 0.035629 -0.050155 0.998106 32.006081 0.000000 0.000000 0.000000 1.000000
1678710546200000047 -0.260094 -0.963463 -0.063955 368.477936 0.965064 -0.257211 -0.049933 25.007755 0.031659 -0.074708 0.996703 29.410572 0.000000 0.000000 0.000000 1.000000
1678710546700000047 -0.022654 -0.998644 -0.046863 372.645660 0.999492 -0.021573 -0.023451 24.727486 0.022408 -0.047371 0.998626 28.970625 0.000000 0.000000 0.000000 1.000000
1678710547500000000 0.237520 -0.970740 -0.035335 380.048218 0.971194 0.238034 -0.011079 24.443533 0.019166 -0.031686 0.999314 29.942833 0.000000 0.000000 0.000000 1.000000
1678710548000000000 0.381296 -0.923830 -0.033946 384.644165 0.924240 0.381739 -0.007454 24.343262 0.019845 -0.028532 0.999396 31.512917 0.000000 0.000000 0.000000 1.000000
1678710548500000000 0.543666 -0.838936 -0.024748 388.927002 0.839257 0.543704 0.005780 24.227415 0.008607 -0.023912 0.999677 33.842228 0.000000 0.000000 0.000000 1.000000
1678710549000000000 0.691852 -0.721854 -0.016377 392.726868 0.722033 0.691764 0.011451 24.163677 0.003063 -0.019747 0.999800 36.947704 0.000000 0.000000 0.000000 1.000000
1678710549400000095 0.769874 -0.638180 -0.004584 395.347076 0.638192 0.769821 0.009318 24.159891 -0.002418 -0.010099 0.999946 39.875378 0.000000 0.000000 0.000000 1.000000
1678710549799999952 0.820088 -0.572233 -0.002370 397.686829 0.572179 0.819937 0.017741 24.187056 -0.008209 -0.015905 0.999840 43.014935 0.000000 0.000000 0.000000 1.000000
1678710550299999952 0.875414 -0.483361 0.003562 400.189209 0.483041 0.875060 0.030668 24.230104 -0.017941 -0.025126 0.999523 47.111301 0.000000 0.000000 0.000000 1.000000
1678710550700000047 0.913512 -0.406799 0.003150 401.884277 0.406336 0.912792 0.041246 24.272671 -0.019654 -0.036399 0.999144 50.572273 0.000000 0.000000 0.000000 1.000000
1678710551099999904 0.950929 -0.309334 0.006757 403.250854 0.308671 0.949944 0.048250 24.331898 -0.021344 -0.043797 0.998812 54.158581 0.000000 0.000000 0.000000 1.000000
1678710551500000000 0.980367 -0.196912 0.010286 404.201599 0.196031 0.978951 0.056802 24.389168 -0.021255 -0.053671 0.998332 57.927887 0.000000 0.000000 0.000000 1.000000
1678710552000000000 0.997503 -0.067311 0.021385 404.775879 0.065783 0.995678 0.065552 24.498562 -0.025705 -0.063981 0.997620 62.901581 0.000000 0.000000 0.000000 1.000000
1678710552500000000 0.999572 -0.006021 0.028645 404.868835 0.004353 0.998311 0.057934 24.642736 -0.028945 -0.057784 0.997909 68.174820 0.000000 0.000000 0.000000 1.000000
1678710553000000000 0.999363 0.013560 0.033002 404.813354 -0.015669 0.997793 0.064526 24.829062 -0.032054 -0.065002 0.997370 73.672882 0.000000 0.000000 0.000000 1.000000
1678710553500000000 0.999111 0.027592 0.031878 404.660706 -0.029570 0.997555 0.063324 25.027180 -0.030053 -0.064210 0.997484 79.388000 0.000000 0.000000 0.000000 1.000000
1678710553799999952 0.998833 0.034553 0.033732 404.524872 -0.036746 0.997095 0.066717 25.158453 -0.031328 -0.067879 0.997202 82.920082 0.000000 0.000000 0.000000 1.000000
1678710554099999904 0.998683 0.040221 0.031846 404.378967 -0.042369 0.996653 0.069906 25.287609 -0.028928 -0.071163 0.997045 86.564133 0.000000 0.000000 0.000000 1.000000
1678710554299999952 0.998632 0.042096 0.031001 404.260284 -0.044273 0.996332 0.073232 25.378040 -0.027805 -0.074504 0.996833 89.012268 0.000000 0.000000 0.000000 1.000000
1678710554799999952 0.998057 0.052403 0.033705 403.938446 -0.054625 0.996133 0.068806 25.610672 -0.029969 -0.070514 0.997061 95.291779 0.000000 0.000000 0.000000 1.000000
1678710555200000047 0.997133 0.065852 0.037272 403.634216 -0.068508 0.994816 0.075154 25.828876 -0.032129 -0.077492 0.996475 100.354317 0.000000 0.000000 0.000000 1.000000
1678710555599999904 0.995938 0.080390 0.040570 403.237549 -0.083290 0.993642 0.075751 26.069944 -0.034223 -0.078822 0.996301 105.410179 0.000000 0.000000 0.000000 1.000000
1678710556000000000 0.994896 0.094778 0.034623 402.766815 -0.097024 0.992799 0.070266 26.301035 -0.027714 -0.073267 0.996927 110.419479 0.000000 0.000000 0.000000 1.000000
1678710556700000047 0.992775 0.110844 0.045955 401.783386 -0.113324 0.992011 0.055415 26.717476 -0.039446 -0.060223 0.997405 119.085945 0.000000 0.000000 0.000000 1.000000
1678710557099999904 0.992456 0.111965 0.049952 401.234955 -0.115231 0.990998 0.068155 26.988279 -0.041871 -0.073397 0.996423 124.014267 0.000000 0.000000 0.000000 1.000000
1678710557500000000 0.992929 0.106763 0.051907 400.634857 -0.109530 0.992528 0.053762 27.275162 -0.045780 -0.059067 0.997204 128.946426 0.000000 0.000000 0.000000 1.000000
1678710557799999952 0.993517 0.100838 0.052502 400.240234 -0.103674 0.993121 0.054420 27.499516 -0.046653 -0.059510 0.997137 132.635651 0.000000 0.000000 0.000000 1.000000
1678710558200000047 0.994362 0.094199 0.048691 399.732178 -0.096750 0.993897 0.052994 27.780979 -0.043402 -0.057406 0.997407 137.544495 0.000000 0.000000 0.000000 1.000000
1678710558700000047 0.994684 0.088210 0.053123 399.142456 -0.090922 0.994552 0.050992 28.146757 -0.048336 -0.055551 0.997285 143.666351 0.000000 0.000000 0.000000 1.000000
1678710559299999952 0.994783 0.085730 0.055286 398.471588 -0.088869 0.994408 0.057056 28.573065 -0.050085 -0.061671 0.996839 151.071243 0.000000 0.000000 0.000000 1.000000
1678710559700000047 0.995066 0.083447 0.053667 398.015289 -0.086521 0.994575 0.057744 28.884407 -0.048557 -0.062103 0.996888 156.041489 0.000000 0.000000 0.000000 1.000000
1678710560299999952 0.995101 0.080207 0.057801 397.377319 -0.083813 0.994493 0.062926 29.333965 -0.052435 -0.067462 0.996343 163.468414 0.000000 0.000000 0.000000 1.000000
1678710560900000095 0.995651 0.077243 0.052073 396.763855 -0.080763 0.994323 0.069280 29.788683 -0.046426 -0.073185 0.996237 170.959000 0.000000 0.000000 0.000000 1.000000
1678710561299999952 0.996417 0.062336 0.057161 396.360809 -0.065791 0.995986 0.060695 30.091646 -0.053148 -0.064238 0.996518 175.970657 0.000000 0.000000 0.000000 1.000000
1678710561599999904 0.997710 0.045158 0.050357 396.132782 -0.048290 0.996856 0.062816 30.318123 -0.047362 -0.065104 0.996754 179.773712 0.000000 0.000000 0.000000 1.000000
1678710562000000000 0.998631 0.022788 0.047074 395.941925 -0.026056 0.997206 0.070015 30.592010 -0.045347 -0.071146 0.996435 184.822266 0.000000 0.000000 0.000000 1.000000
1678710562400000095 0.998709 -0.000070 0.050801 395.842102 -0.003300 0.997797 0.066255 30.866690 -0.050694 -0.066337 0.996509 189.928268 0.000000 0.000000 0.000000 1.000000
1678710563000000000 0.998206 -0.031010 0.051221 395.934906 0.027915 0.997804 0.060071 31.258715 -0.052971 -0.058533 0.996879 197.544830 0.000000 0.000000 0.000000 1.000000
1678710563400000095 0.997436 -0.054309 0.046604 396.142853 0.050888 0.996127 0.071698 31.534901 -0.050318 -0.069143 0.996337 202.646545 0.000000 0.000000 0.000000 1.000000
1678710563799999952 0.996121 -0.076497 0.043490 396.460327 0.073308 0.994800 0.070707 31.801039 -0.048673 -0.067245 0.996549 207.754593 0.000000 0.000000 0.000000 1.000000
1678710564200000047 0.994255 -0.098609 0.041642 396.855865 0.096147 0.993706 0.057478 32.049244 -0.047048 -0.053144 0.997478 212.874527 0.000000 0.000000 0.000000 1.000000
1678710564599999904 0.991601 -0.123945 0.036939 397.395386 0.121666 0.990839 0.058613 32.279045 -0.043866 -0.053627 0.997597 217.987320 0.000000 0.000000 0.000000 1.000000
1678710565000000000 0.988051 -0.150796 0.031859 398.066833 0.148986 0.987412 0.053118 32.487476 -0.039468 -0.047737 0.998080 223.126312 0.000000 0.000000 0.000000 1.000000
1678710565500000000 0.983726 -0.177806 0.025860 399.109650 0.176097 0.982674 0.057801 32.724205 -0.035690 -0.052306 0.997993 229.527557 0.000000 0.000000 0.000000 1.000000
1678710565900000095 0.979874 -0.198740 0.018718 400.053223 0.197682 0.979120 0.047384 32.873264 -0.027744 -0.042730 0.998701 234.658279 0.000000 0.000000 0.000000 1.000000
1678710566200000047 0.975824 -0.217142 0.024838 400.856079 0.215758 0.975214 0.049058 32.978111 -0.034875 -0.042513 0.998487 238.535172 0.000000 0.000000 0.000000 1.000000
1678710566599999904 0.969202 -0.245707 0.016597 402.061615 0.244626 0.968322 0.050109 33.103207 -0.028383 -0.044505 0.998606 243.695709 0.000000 0.000000 0.000000 1.000000
1678710567000000000 0.959426 -0.281848 0.007925 403.442963 0.281148 0.958418 0.048897 33.202374 -0.021377 -0.044685 0.998772 248.867340 0.000000 0.000000 0.000000 1.000000
1678710567400000095 0.948877 -0.315647 -0.000474 405.038177 0.315263 0.947647 0.050739 33.253735 -0.015566 -0.048294 0.998712 254.032120 0.000000 0.000000 0.000000 1.000000
1678710567700000047 0.942234 -0.334846 -0.008514 406.339752 0.334856 0.941038 0.048158 33.279884 -0.008113 -0.048227 0.998803 257.881439 0.000000 0.000000 0.000000 1.000000
1678710568000000000 0.935513 -0.352956 -0.015405 407.693878 0.353285 0.934337 0.046947 33.272728 -0.002176 -0.049362 0.998779 261.659973 0.000000 0.000000 0.000000 1.000000
1678710568400000095 0.927000 -0.374546 -0.019654 409.590698 0.375061 0.925788 0.047396 33.257874 0.000444 -0.051307 0.998683 266.588898 0.000000 0.000000 0.000000 1.000000
1678710568900000095 0.918262 -0.395659 -0.015810 412.052856 0.395955 0.917091 0.046520 33.186733 -0.003907 -0.048978 0.998792 272.557343 0.000000 0.000000 0.000000 1.000000
1678710569099999904 0.916136 -0.400440 -0.018494 413.096222 0.400855 0.914781 0.049915 33.159744 -0.003070 -0.053142 0.998582 274.948517 0.000000 0.000000 0.000000 1.000000
1678710569599999904 0.910043 -0.413614 -0.027289 415.694244 0.414483 0.908805 0.047726 33.056168 0.005060 -0.054744 0.998488 280.840759 0.000000 0.000000 0.000000 1.000000
1678710569900000095 0.908301 -0.417209 -0.030442 417.264557 0.418255 0.907018 0.048800 32.983509 0.007251 -0.057058 0.998345 284.321777 0.000000 0.000000 0.000000 1.000000
1678710570299999952 0.906006 -0.421864 -0.034398 419.344788 0.423169 0.904530 0.052471 32.873974 0.008978 -0.062096 0.998030 288.836212 0.000000 0.000000 0.000000 1.000000
1678710570799999952 0.903515 -0.427201 -0.034051 421.871033 0.428335 0.902745 0.039757 32.739025 0.013755 -0.050507 0.998629 294.316467 0.000000 0.000000 0.000000 1.000000
1678710571299999952 0.901811 -0.430486 -0.037657 424.368317 0.431688 0.901403 0.033441 32.599670 0.019548 -0.046414 0.998731 299.705994 0.000000 0.000000 0.000000 1.000000
1678710571700000047 0.903717 -0.426519 -0.037116 426.380829 0.427748 0.903176 0.036137 32.464840 0.018110 -0.048534 0.998657 303.997986 0.000000 0.000000 0.000000 1.000000
1678710572200000047 0.901382 -0.431170 -0.040043 428.907776 0.432420 0.901152 0.030624 32.264034 0.022880 -0.044919 0.998729 309.431458 0.000000 0.000000 0.000000 1.000000
1678710572700000047 0.883822 -0.465527 -0.046284 431.631165 0.466773 0.884137 0.020622 32.033989 0.031321 -0.039830 0.998715 314.993042 0.000000 0.000000 0.000000 1.000000
1678710573099999904 0.866745 -0.496684 -0.045356 434.053955 0.497865 0.867039 0.019343 31.811317 0.029718 -0.039347 0.998784 319.433350 0.000000 0.000000 0.000000 1.000000
1678710573700000047 0.843664 -0.534216 -0.053333 438.072083 0.535511 0.844432 0.012794 31.477013 0.038201 -0.039354 0.998495 326.112518 0.000000 0.000000 0.000000 1.000000
1678710574299999952 0.824499 -0.562068 -0.065429 442.426575 0.564252 0.825356 0.020154 31.043167 0.042675 -0.053535 0.997654 332.764343 0.000000 0.000000 0.000000 1.000000
1678710574799999952 0.816877 -0.572437 -0.070909 446.174316 0.575376 0.817332 0.030176 30.661779 0.040682 -0.065450 0.997026 338.141815 0.000000 0.000000 0.000000 1.000000
1678710575099999904 0.812895 -0.577913 -0.072242 448.403564 0.580760 0.813664 0.025882 30.423676 0.043823 -0.062995 0.997051 341.339325 0.000000 0.000000 0.000000 1.000000
1678710575700000047 0.810259 -0.581120 -0.076023 452.942261 0.583922 0.811567 0.019865 29.876387 0.050154 -0.060487 0.996908 347.733276 0.000000 0.000000 0.000000 1.000000
1678710576000000000 0.812853 -0.575984 -0.086673 455.258911 0.580260 0.813702 0.034466 29.596235 0.050675 -0.078308 0.995640 350.953186 0.000000 0.000000 0.000000 1.000000
1678710576500000000 0.814355 -0.573992 -0.085783 459.006866 0.577846 0.815673 0.027774 29.125298 0.054029 -0.072188 0.995927 356.331512 0.000000 0.000000 0.000000 1.000000
1678710577000000000 0.815251 -0.571345 -0.094497 462.764801 0.575984 0.816911 0.029979 28.581724 0.060068 -0.078869 0.995074 361.723022 0.000000 0.000000 0.000000 1.000000
1678710577500000000 0.814611 -0.572151 -0.095145 466.473175 0.576557 0.816662 0.025390 28.037334 0.063174 -0.075539 0.995140 367.063629 0.000000 0.000000 0.000000 1.000000
1678710577799999952 0.811083 -0.576561 -0.098597 468.718384 0.581295 0.813273 0.026139 27.703928 0.065116 -0.078515 0.994784 370.285553 0.000000 0.000000 0.000000 1.000000
1678710578000000000 0.808943 -0.579351 -0.099817 470.234131 0.584329 0.811024 0.028266 27.476364 0.064578 -0.081192 0.994604 372.423431 0.000000 0.000000 0.000000 1.000000
1678710578599999904 0.799719 -0.592313 -0.098058 474.792267 0.597256 0.801507 0.029514 26.775696 0.061113 -0.082168 0.994743 378.747162 0.000000 0.000000 0.000000 1.000000
1678710579099999904 0.787916 -0.607431 -0.101074 478.674469 0.612218 0.790366 0.022586 26.211050 0.066166 -0.079675 0.994623 383.928101 0.000000 0.000000 0.000000 1.000000
1678710579599999904 0.779283 -0.619284 -0.095939 482.490540 0.623174 0.781951 0.014369 25.649765 0.066121 -0.070984 0.995283 388.871765 0.000000 0.000000 0.000000 1.000000
1678710580299999952 0.770968 -0.629019 -0.099715 487.627045 0.632671 0.774393 0.006632 24.906660 0.073047 -0.068200 0.994994 395.326355 0.000000 0.000000 0.000000 1.000000
1678710580799999952 0.767650 -0.633447 -0.097255 491.215118 0.636782 0.771032 0.004297 24.415953 0.072265 -0.065229 0.995250 399.737274 0.000000 0.000000 0.000000 1.000000
1678710581200000047 0.767492 -0.633625 -0.097335 494.027802 0.637164 0.770696 0.007051 24.042696 0.070548 -0.067430 0.995227 403.161591 0.000000 0.000000 0.000000 1.000000
1678710581700000047 0.764299 -0.637198 -0.099126 497.409027 0.641352 0.767121 0.013890 23.584637 0.067191 -0.074191 0.994978 407.287201 0.000000 0.000000 0.000000 1.000000
1678710582400000095 0.744837 -0.659460 -0.101639 501.979309 0.663697 0.747920 0.011042 22.966623 0.068736 -0.075681 0.994760 412.659088 0.000000 0.000000 0.000000 1.000000
1678710583099999904 0.732889 -0.674154 -0.091600 506.104706 0.677519 0.735462 0.007978 22.431065 0.061990 -0.067908 0.995764 417.231537 0.000000 0.000000 0.000000 1.000000
1678710583700000047 0.737887 -0.667278 -0.101304 509.296509 0.672289 0.739930 0.023049 22.035101 0.059578 -0.085113 0.994588 420.728546 0.000000 0.000000 0.000000 1.000000
1678710584400000095 0.742976 -0.663427 -0.088611 512.372131 0.666133 0.745832 0.001316 21.651981 0.065216 -0.060005 0.996065 424.242554 0.000000 0.000000 0.000000 1.000000
1678710585099999904 0.782861 -0.616462 -0.084287 515.005981 0.619078 0.785303 0.006439 21.360209 0.062222 -0.057221 0.996421 427.353973 0.000000 0.000000 0.000000 1.000000
1678710585799999952 0.917436 -0.388289 -0.086847 516.899048 0.392049 0.919428 0.030816 21.084333 0.067884 -0.062320 0.995745 430.673706 0.000000 0.000000 0.000000 1.000000
1678710586599999904 0.995240 -0.008979 -0.097039 517.548584 0.014315 0.998415 0.054425 20.734797 0.096397 -0.055555 0.993791 435.085724 0.000000 0.000000 0.000000 1.000000
1678710587299999952 0.955078 0.287074 -0.073579 516.728271 -0.280730 0.955949 0.085743 20.393723 0.094953 -0.061235 0.993597 439.400146 0.000000 0.000000 0.000000 1.000000
1678710588000000000 0.905897 0.417013 -0.073824 514.716370 -0.411145 0.907804 0.082776 20.101788 0.101536 -0.044635 0.993830 443.924713 0.000000 0.000000 0.000000 1.000000
1678710588700000047 0.900138 0.428524 -0.078221 512.407837 -0.422052 0.902400 0.086871 19.749107 0.107813 -0.045183 0.993144 448.735229 0.000000 0.000000 0.000000 1.000000
1678710589400000095 0.901409 0.425702 -0.078990 509.920990 -0.419309 0.903784 0.085753 19.347555 0.107895 -0.044178 0.993180 453.914825 0.000000 0.000000 0.000000 1.000000
1678710590099999904 0.900070 0.426987 -0.086929 507.205383 -0.419341 0.902996 0.093547 18.856701 0.118440 -0.047746 0.991813 459.622375 0.000000 0.000000 0.000000 1.000000
1678710590700000047 0.900383 0.425549 -0.090656 504.768494 -0.418637 0.904075 0.085974 18.421965 0.118546 -0.039458 0.992164 464.713593 0.000000 0.000000 0.000000 1.000000
1678710591200000047 0.900542 0.424256 -0.095032 502.687439 -0.416997 0.904700 0.087353 18.042583 0.123035 -0.039037 0.991634 469.069580 0.000000 0.000000 0.000000 1.000000
1678710591799999952 0.903012 0.423665 -0.071250 500.195526 -0.418638 0.905004 0.075560 17.568110 0.096494 -0.038403 0.994592 474.284302 0.000000 0.000000 0.000000 1.000000
1678710592400000095 0.899829 0.426770 -0.090417 497.661591 -0.421100 0.903868 0.075489 17.101830 0.113942 -0.029852 0.993039 479.589569 0.000000 0.000000 0.000000 1.000000
1678710593000000000 0.897728 0.430213 -0.094876 495.097565 -0.425161 0.902463 0.069268 16.634201 0.115422 -0.021847 0.993076 484.865265 0.000000 0.000000 0.000000 1.000000
1678710593599999904 0.896884 0.431981 -0.094827 492.669220 -0.427058 0.901645 0.068251 16.174870 0.114983 -0.020717 0.993151 489.851349 0.000000 0.000000 0.000000 1.000000
1678710594099999904 0.896351 0.432556 -0.097212 490.729797 -0.427569 0.901391 0.068407 15.821269 0.117216 -0.019752 0.992910 493.825714 0.000000 0.000000 0.000000 1.000000
1678710594700000047 0.896958 0.430876 -0.099061 488.666870 -0.426416 0.902290 0.063578 15.445023 0.116776 -0.014785 0.993048 498.038879 0.000000 0.000000 0.000000 1.000000
1678710595200000047 0.899169 0.426800 -0.096626 487.175415 -0.422057 0.904153 0.066144 15.158751 0.115595 -0.018693 0.993121 501.140350 0.000000 0.000000 0.000000 1.000000
1678710595500000000 0.899813 0.425009 -0.098504 486.315796 -0.419942 0.904962 0.068499 14.992618 0.118255 -0.020271 0.992776 502.940948 0.000000 0.000000 0.000000 1.000000
1678710595799999952 0.900934 0.422143 -0.100561 485.499573 -0.416745 0.906266 0.070742 14.830053 0.120999 -0.021826 0.992413 504.667267 0.000000 0.000000 0.000000 1.000000
1678710596200000047 0.901825 0.419581 -0.103261 484.461273 -0.414380 0.907518 0.068551 14.617835 0.122474 -0.019032 0.992289 506.854401 0.000000 0.000000 0.000000 1.000000
1678710596700000047 0.899893 0.425021 -0.097726 483.371643 -0.419444 0.904848 0.072912 14.393919 0.119416 -0.024623 0.992539 509.186188 0.000000 0.000000 0.000000 1.000000
1678710597299999952 0.853031 0.514571 -0.086914 482.026917 -0.506573 0.856494 0.099003 14.170334 0.125385 -0.040424 0.991284 511.732300 0.000000 0.000000 0.000000 1.000000
1678710598099999904 0.611940 0.789367 -0.049280 479.437500 -0.780307 0.612734 0.125216 13.969849 0.129037 -0.038171 0.990905 514.445007 0.000000 0.000000 0.000000 1.000000
1678710599000000000 0.097737 0.995166 0.009562 475.005371 -0.985389 0.095421 0.141081 13.951503 0.139486 -0.023211 0.989952 515.888672 0.000000 0.000000 0.000000 1.000000
1678710599700000047 -0.268461 0.961389 0.060503 470.678955 -0.953862 -0.274075 0.122596 14.165553 0.134445 -0.024800 0.990611 515.179810 0.000000 0.000000 0.000000 1.000000
1678710600599999904 -0.470351 0.879941 0.066892 464.409668 -0.875135 -0.474854 0.093020 14.660792 0.113616 -0.014787 0.993415 512.338989 0.000000 0.000000 0.000000 1.000000
1678710601299999952 -0.535267 0.842170 0.065104 459.660156 -0.837757 -0.539149 0.086494 15.078768 0.107943 -0.008244 0.994123 509.533081 0.000000 0.000000 0.000000 1.000000
1678710602099999904 -0.615102 0.784813 0.075623 454.561096 -0.781709 -0.619546 0.071367 15.573454 0.102861 -0.015217 0.994579 505.844971 0.000000 0.000000 0.000000 1.000000
1678710602799999952 -0.684555 0.725147 0.074474 450.379242 -0.722878 -0.688461 0.058889 16.059088 0.093976 -0.013523 0.995483 502.131653 0.000000 0.000000 0.000000 1.000000
1678710603500000000 -0.748838 0.659786 0.062650 446.749451 -0.658045 -0.751436 0.048169 16.498083 0.078858 -0.005156 0.996873 498.287445 0.000000 0.000000 0.000000 1.000000
1678710604200000047 -0.801536 0.594208 0.066769 443.496033 -0.592906 -0.804277 0.040022 16.901516 0.077483 -0.007509 0.996965 494.141510 0.000000 0.000000 0.000000 1.000000
1678710604799999952 -0.834093 0.547230 0.069489 440.889801 -0.546325 -0.836919 0.033113 17.262264 0.076277 -0.010344 0.997033 490.290283 0.000000 0.000000 0.000000 1.000000
1678710605599999904 -0.865422 0.496742 0.065522 437.584473 -0.496491 -0.867783 0.021203 17.764000 0.067392 -0.014181 0.997626 484.748169 0.000000 0.000000 0.000000 1.000000
1678710606299999952 -0.879171 0.471601 0.068203 434.831818 -0.471537 -0.881662 0.018054 18.211782 0.068646 -0.016288 0.997508 479.668945 0.000000 0.000000 0.000000 1.000000
1678710607000000000 -0.894360 0.443462 0.058841 432.173676 -0.443021 -0.896264 0.021060 18.656075 0.062077 -0.007233 0.998045 474.473785 0.000000 0.000000 0.000000 1.000000
1678710607599999904 -0.905327 0.421119 0.055144 430.093781 -0.421092 -0.906929 0.012682 18.970160 0.055353 -0.011740 0.998398 470.008484 0.000000 0.000000 0.000000 1.000000
1678710608299999952 -0.913534 0.403718 0.049669 427.786682 -0.403823 -0.914799 0.008350 19.339506 0.048809 -0.012429 0.998731 464.797546 0.000000 0.000000 0.000000 1.000000
1678710608900000095 -0.915945 0.399146 0.041553 425.943115 -0.399339 -0.916795 0.003914 19.617777 0.039658 -0.013008 0.999129 460.521820 0.000000 0.000000 0.000000 1.000000
1678710609400000095 -0.913549 0.405177 0.035497 424.575043 -0.405375 -0.914149 0.001728 19.809774 0.033150 -0.012811 0.999368 457.332397 0.000000 0.000000 0.000000 1.000000
1678710609900000095 -0.909536 0.414130 0.035210 423.281403 -0.414210 -0.910166 0.005345 19.974514 0.034260 -0.009723 0.999366 454.447571 0.000000 0.000000 0.000000 1.000000
1678710610299999952 -0.907024 0.418875 0.043015 422.262665 -0.419306 -0.907844 -0.001108 20.094345 0.038587 -0.019041 0.999074 452.167175 0.000000 0.000000 0.000000 1.000000
1678710610900000095 -0.905664 0.422916 0.030257 420.654327 -0.422953 -0.906135 0.005487 20.281755 0.029738 -0.007828 0.999527 448.727570 0.000000 0.000000 0.000000 1.000000
1678710611400000095 -0.903814 0.426599 0.033680 419.320648 -0.427236 -0.904025 -0.014433 20.421354 0.024291 -0.027434 0.999328 445.748199 0.000000 0.000000 0.000000 1.000000
1678710612000000000 -0.897924 0.438164 0.041778 417.523132 -0.438816 -0.898546 -0.007488 20.614174 0.034259 -0.025057 0.999099 441.977753 0.000000 0.000000 0.000000 1.000000
1678710612799999952 -0.889105 0.456398 0.034533 414.774078 -0.456256 -0.889763 0.012362 20.858593 0.036368 -0.004765 0.999327 436.564606 0.000000 0.000000 0.000000 1.000000
1678710613599999904 -0.886424 0.462316 0.022727 411.844116 -0.462031 -0.886704 0.016827 21.106279 0.027931 0.004416 0.999600 430.891602 0.000000 0.000000 0.000000 1.000000
